,POP_2015,active_living,community_space,education,food_choices,health_wellbeing,ID_HDC_G0,lng,lat
0,79.554,3229,1100,182,2817,3065,13040.0,134.06762822912955,-0.8334465903412472
1,12.452,3236,1107,189,2825,3072,13040.0,134.06862607166332,-0.833446590341247
2,114.238,3054,925,608,2642,2890,13040.0,134.06365384959585,-0.8342553910669166
3,58.912,3023,894,577,2612,2859,13040.0,134.06465169225612,-0.8342553910669167
4,33.94,3047,918,0,2635,2883,13040.0,134.06764522023673,-0.8342553910669147
5,3.452,3130,1001,35,2718,2966,13040.0,134.06864306289694,-0.8342553910669166
6,33.635,3456,1327,121,3044,3292,13040.0,134.06964090555718,-0.8342553910669148
7,61.721,3054,925,608,2642,2890,13040.0,134.0636708566834,-0.8350641918562833
8,23.957,3013,884,567,2602,2849,13040.0,134.06466869947022,-0.8350641918562813
9,45.783,2933,804,0,2521,2769,13040.0,134.06666438504382,-0.8350641918562814
10,39.286,3064,935,17,2653,2900,13040.0,134.06766222783065,-0.8350641918562833
11,50.351,3148,1019,17,2736,2984,13040.0,134.06866007061743,-0.8350641918562833
12,37.527,3363,1234,95,2951,3199,13040.0,134.06965791340423,-0.8350641918562854
13,29.338,2935,806,725,2523,2771,13040.0,134.06169219443015,-0.8358729927094086
14,91.499,2935,806,725,2523,2771,13040.0,134.06269003734366,-0.8358729927094125
15,23.653,2788,659,144,2377,2624,13040.0,134.0656835660842,-0.8358729927094103
16,41.418,2933,804,0,2521,2769,13040.0,134.0666814089977,-0.8358729927094105
17,137.688,2933,804,0,2521,2769,13040.0,134.0676792519112,-0.8358729927094104
18,93.901,3229,1100,73,2818,3065,13040.0,134.0686770948247,-0.8358729927094125
19,75.764,3288,1159,14,2877,3124,13040.0,134.06967493773823,-0.8358729927094085
20,81.686,2935,806,725,2523,2771,13040.0,134.06170923423645,-0.8366817936263622
21,113.223,2840,711,631,2429,2676,13040.0,134.06270707727683,-0.8366817936263604
22,112.952,2788,659,144,2377,2624,13040.0,134.06570060639785,-0.8366817936263584
23,43.245,2788,659,144,2377,2624,13040.0,134.06669844943818,-0.8366817936263641
24,87.438,3055,926,0,2643,2891,13040.0,134.06769629247853,-0.8366817936263602
25,102.767,3127,998,72,2716,2963,13040.0,134.06869413551885,-0.8366817936263621
26,107.944,3409,1280,106,2998,3245,13040.0,134.06969197855923,-0.8366817936263621
27,57.863,2878,827,747,2467,2714,13040.0,134.06172629052884,-0.837490594607198
28,39.692,2878,827,747,2467,2714,13040.0,134.06272413369612,-0.8374905946071941
29,76.914,2571,442,362,2159,2407,13040.0,134.06471982003072,-0.8374905946071923
30,23.653,2689,560,243,2278,2525,13040.0,134.06571766319803,-0.8374905946072
31,55.292,3042,913,37,2631,2878,13040.0,134.06771334953257,-0.837490594607198
32,90.45,3055,926,0,2643,2891,13040.0,134.0687111926999,-0.8374905946071942
33,61.416,2878,827,747,2467,2714,13040.0,134.06174336330722,-0.8382993956519742
34,18.746,2878,827,747,2467,2714,13040.0,134.06274120660157,-0.838299395651978
35,59.521,2543,414,389,2132,2379,13040.0,134.06473689319031,-0.838299395651978
36,82.633,3136,1007,131,2724,2972,13040.0,134.06773042307339,-0.8382993956519779
37,88.893,3040,911,176,2629,2876,13040.0,134.06872826636777,-0.838299395651976
38,11.539,3088,959,254,2677,2924,13040.0,134.06972610966216,-0.838299395651976
39,105.271,2616,634,1009,2205,2452,13040.0,134.06076260915006,-0.8391081967607638
40,67.034,2516,387,416,2105,2352,13040.0,134.06475398283632,-0.8391081967607676
41,58.134,2900,771,316,2489,2736,13040.0,134.06774751310104,-0.8391081967607618
42,125.844,3025,896,191,2614,2861,13040.0,134.06874535652258,-0.8391081967607658
43,31.774,3102,973,281,2691,2938,13040.0,134.06974319994416,-0.8391081967607658
44,12.182,2597,616,1028,2186,2433,13040.0,134.06077971477322,-0.8399169979336248
45,1.252,2583,602,1042,2172,2419,13040.0,134.06177755832215,-0.8399169979336228
46,70.214,2389,260,543,1978,2225,13040.0,134.06477108896877,-0.8399169979336208
47,30.827,2900,771,316,2489,2736,13040.0,134.06776461961542,-0.8399169979336228
48,123.814,2931,802,346,2520,2767,13040.0,134.06876246316432,-0.839916997933623
49,36.241,3013,884,412,2602,2849,13040.0,134.06976030671322,-0.839916997933623
50,50.757,2770,641,446,2359,2606,13040.0,134.06778174261666,-0.8407257991706131
51,63.345,3013,884,412,2602,2849,13040.0,134.068779586293,-0.8407257991706113
52,20.066,3013,884,412,2602,2849,13040.0,134.06977742996938,-0.8407257991706113
53,83.613,3280,275,2313,2869,3116,13040.0,134.05183338124243,-0.841534600471795
54,111.734,3264,306,2330,2853,3100,13040.0,134.0528312250463,-0.841534600471793
55,37.272,2985,23,2017,2574,2821,13040.0,134.0538290688502,-0.8415346004717931
56,59.104,2753,255,1786,2342,2589,13040.0,134.0548269126541,-0.841534600471795
57,33.033,2643,631,1656,2232,2479,13040.0,134.05582475645798,-0.8415346004717948
58,18.507,2606,595,1620,2195,2442,13040.0,134.0568226002619,-0.8415346004717931
59,42.989,2608,622,1460,2197,2444,13040.0,134.05782044406575,-0.8415346004717948
60,82.631,2515,685,1540,2104,2351,13040.0,134.05881828786968,-0.841534600471793
61,66.763,2129,0,804,1717,1965,13040.0,134.06380750688916,-0.841534600471793
62,48.456,2213,84,888,1802,2049,13040.0,134.06480535069306,-0.841534600471795
63,103.241,2213,84,888,1802,2049,13040.0,134.06580319449697,-0.841534600471793
64,40.572,2019,435,1316,1607,1855,13040.0,134.06680103830087,-0.841534600471795
65,73.328,2967,838,605,2556,2803,13040.0,134.06879672590864,-0.841534600471793
66,69.842,2969,840,603,2558,2805,13040.0,134.06979456971254,-0.841534600471793
67,80.84,3156,415,2222,2745,2992,13040.0,134.05284837910588,-0.8423434018372333
68,39.963,3264,306,2330,2853,3100,13040.0,134.05384622303745,-0.8423434018372293
69,124.254,2770,338,1802,2359,2606,13040.0,134.05484406696905,-0.8423434018372312
70,103.037,2680,347,1712,2269,2516,13040.0,134.05584191090065,-0.8423434018372313
71,59.913,2524,501,1553,2112,2360,13040.0,134.05683975483228,-0.8423434018372313
72,47.881,2515,651,1540,2104,2351,13040.0,134.05783759876383,-0.8423434018372293
73,57.728,2466,735,1590,2054,2302,13040.0,134.05883544269543,-0.8423434018372313
74,3.384,2129,0,804,1717,1965,13040.0,134.06382466235334,-0.8423434018372313
75,87.81,2068,60,864,1657,1904,13040.0,134.0648225062849,-0.8423434018372293
76,47.746,2213,84,888,1802,2049,13040.0,134.0658203502165,-0.8423434018372313
77,21.014,1993,410,1291,1582,1829,13040.0,134.06681819414808,-0.8423434018372312
78,1.895,1915,331,1212,1503,1751,13040.0,134.06781603807968,-0.8423434018372293
79,61.315,2969,840,603,2558,2805,13040.0,134.06881388201128,-0.8423434018372333
80,113.798,3030,901,667,2619,2866,13040.0,134.06981172594288,-0.8423434018372313
81,32.451,3156,415,2222,2745,2992,13040.0,134.05286554965053,-0.8431522032669824
82,105.221,2802,464,1834,2390,2638,13040.0,134.05486123776927,-0.8431522032669825
83,95.832,2634,490,1700,2223,2470,13040.0,134.05585908182871,-0.8431522032669863
84,86.6,2622,445,1654,2211,2458,13040.0,134.05685692588813,-0.8431522032669843
85,80.78,2355,653,1619,1944,2191,13040.0,134.0578547699475,-0.8431522032669844
86,106.827,2351,849,1615,1940,2187,13040.0,134.05885261400692,-0.8431522032669843
87,79.317,2329,871,1594,1918,2165,13040.0,134.0598504580663,-0.8431522032669846
88,80.975,2453,1038,1718,2042,2289,13040.0,134.06084830212572,-0.8431522032669865
89,62.973,2542,1127,1806,2131,2378,13040.0,134.0618461461851,-0.8431522032669824
90,73.97,2063,81,885,1651,1899,13040.0,134.0638418343039,-0.8431522032669863
91,88.521,2016,112,916,1605,1852,13040.0,134.0648396783633,-0.8431522032669843
92,28.255,1859,275,1156,1447,1695,13040.0,134.0668353664821,-0.8431522032669863
93,15.464,1915,331,1212,1503,1751,13040.0,134.06783321054147,-0.8431522032669843
94,3.113,3153,1024,790,2741,2989,13040.0,134.06982889866026,-0.8431522032669843
95,12.462,3314,171,2358,3055,3048,13040.0,134.05088704830558,-0.8439610047611179
96,20.805,3314,171,2358,3055,3048,13040.0,134.05188489249295,-0.8439610047611141
97,54.649,2943,474,2008,2531,2779,13040.0,134.05388058086754,-0.8439610047611179
98,78.913,2827,590,1892,2415,2663,13040.0,134.0548784250549,-0.8439610047611159
99,37.628,2726,557,1792,2315,2562,13040.0,134.05587626924222,-0.8439610047611159
100,52.91,2501,624,1765,2089,2337,13040.0,134.05687411342956,-0.8439610047611178
101,103.806,2471,654,1735,2059,2307,13040.0,134.0578719576169,-0.843961004761116
102,109.602,2226,782,1491,1815,2062,13040.0,134.05886980180424,-0.8439610047611179
103,118.468,2351,935,1615,1940,2187,13040.0,134.05986764599155,-0.8439610047611159
104,122.122,2491,1075,1755,2079,2327,13040.0,134.06086549017888,-0.8439610047611161
105,57.897,2542,1127,1806,2131,2378,13040.0,134.0618633343662,-0.8439610047611179
106,91.16,1805,221,1102,1393,1641,13040.0,134.0668525553029,-0.8439610047611161
107,80.616,3187,44,2231,2928,2921,13040.0,134.05090425156425,-0.8447698063196877
108,83.018,3268,148,2312,3009,3002,13040.0,134.05190209587963,-0.8447698063196897
109,73.94,3222,213,2265,2963,2955,13040.0,134.05289994019503,-0.8447698063196877
110,25.379,2943,474,2008,2531,2779,13040.0,134.05389778451038,-0.8447698063196896
111,57.66,2848,569,1914,2436,2684,13040.0,134.05489562882576,-0.8447698063196912
112,65.815,2457,1042,1722,2046,2293,13040.0,134.05888700608733,-0.8447698063196896
113,35.53,2457,1042,1722,2046,2293,13040.0,134.05988485040274,-0.8447698063196876
114,36.647,1583,0,881,1171,1419,13040.0,134.06686976061047,-0.8447698063196877
115,20.269,1583,0,881,1171,1419,13040.0,134.06786760492585,-0.8447698063196896
116,155.445,3141,44,2185,2882,2874,13040.0,134.05092147130776,-0.8455786079427652
117,124.786,3222,213,2265,2963,2955,13040.0,134.05191931575132,-0.8455786079427631
118,83.847,3141,275,2207,2730,2907,13040.0,134.05291716019485,-0.8455786079427632
119,11.133,1583,0,881,1171,1419,13040.0,134.06688698240487,-0.845578607942765
120,58.337,1583,0,881,1171,1419,13040.0,134.06788482684843,-0.8455786079427611
121,134.463,2958,231,2002,2699,2691,13040.0,134.05093870753612,-0.8463874096303984
122,99.878,3055,157,2099,2796,2788,13040.0,134.05193655210797,-0.8463874096304022
123,96.338,2960,289,2003,2701,2693,13040.0,134.05095596024935,-0.8471962113826671
124,72.888,3018,295,2062,2759,2752,13040.0,134.05195380494968,-0.8471962113826651
125,102.868,3281,383,2325,2943,3014,13040.0,134.05295164965,-0.8471962113826652
126,22.976,3281,383,2325,2943,3014,13040.0,134.05394949435023,-0.8471962113826651
127,83.851,2936,367,1979,2676,2669,13040.0,134.05097322944758,-0.8480050131996153
128,70.654,3281,383,2325,2943,3014,13040.0,134.05296891910524,-0.8480050131996134
129,0.034,3281,383,2325,2943,3014,13040.0,134.0539667639341,-0.8480050131996153
130,45.648,2740,910,1571,2269,2261,13040.0,134.05198836008816,-0.8488138150813122
131,107.707,2647,682,1505,2202,2194,13040.0,134.05100781729868,-0.8496226170278225
132,65.139,2740,910,1571,2269,2261,13040.0,134.05200566238503,-0.84962261702783
133,110.753,1373,837,638,962,1209,13040.0,134.0639798034207,-0.8496226170278244
134,114.576,2592,762,1424,2121,2114,13040.0,134.0510251359517,-0.8504314190392107
135,72.583,2592,762,1424,2121,2114,13040.0,134.05202298116694,-0.8504314190392068
136,97.522,1492,956,757,1081,1328,13040.0,134.06200143331918,-0.8504314190392127
137,110.482,1453,917,718,1042,1289,13040.0,134.0629992785344,-0.8504314190392068
138,131.462,1274,738,538,863,1110,13040.0,134.0639971237496,-0.8504314190392106
139,152.712,1274,738,538,863,1110,13040.0,134.06499496896484,-0.8504314190392068
140,94.409,1018,0,316,607,854,13040.0,134.06699065939534,-0.8504314190392088
141,135.387,1018,0,316,607,854,13040.0,134.0679885046105,-0.8504314190392106
142,118.908,2402,867,1670,2367,2142,13040.0,134.05104247108972,-0.8512402211155258
143,49.302,2337,932,1605,2302,2077,13040.0,134.052040316434,-0.8512402211155257
144,143.576,2367,988,1199,1896,1888,13040.0,134.05303816177823,-0.8512402211155258
145,98.097,2331,1055,1131,1829,1821,13040.0,134.05403600712248,-0.8512402211155277
146,71.974,1422,886,687,1011,1258,13040.0,134.0620187698766,-0.8512402211155238
147,88.013,1388,852,652,977,1224,13040.0,134.06301661522087,-0.8512402211155258
148,69.098,1388,852,652,976,1224,13040.0,134.06401446056512,-0.8512402211155277
149,120.464,1115,579,379,703,951,13040.0,134.0650123059094,-0.8512402211155277
150,132.409,1115,579,379,703,951,13040.0,134.06601015125366,-0.8512402211155238
151,105.914,885,133,183,474,721,13040.0,134.06800584194218,-0.8512402211155276
152,69.978,2337,922,1605,2302,2077,13040.0,134.0510598227127,-0.8520490232568406
153,51.265,2191,1163,1286,1983,1931,13040.0,134.05205766818614,-0.8520490232568406
154,86.964,2322,1064,1122,1819,1812,13040.0,134.05305551365953,-0.8520490232568386
155,112.478,2279,1106,1080,1777,1770,13040.0,134.05405335913295,-0.8520490232568406
156,105.778,1381,845,646,970,1155,13040.0,134.0620361229204,-0.8520490232568406
157,185.434,1325,789,590,914,1155,13040.0,134.0630339683938,-0.8520490232568426
158,109.568,1233,697,497,821,1069,13040.0,134.06403181386722,-0.8520490232568368
159,95.695,1006,470,270,595,842,13040.0,134.06502965934067,-0.8520490232568386
160,108.35,1006,470,270,595,842,13040.0,134.06602750481406,-0.8520490232568426
161,115.016,861,157,159,450,697,13040.0,134.06802319576093,-0.8520490232568368
162,153.93,798,178,230,387,641,13040.0,134.06902104123432,-0.8520490232568406
163,60.3,821,200,252,409,664,13040.0,134.0700188867078,-0.8520490232568426
164,30.048,2187,956,1454,2151,1926,13040.0,134.0510771908207,-0.8528578254632097
165,119.76,2191,1163,1286,1983,1931,13040.0,134.05207503642342,-0.8528578254632115
166,96.906,2140,1243,1167,1864,1857,13040.0,134.05307288202613,-0.8528578254632115
167,112.445,2225,1208,1021,1718,1711,13040.0,134.05407072762884,-0.8528578254632116
168,69.656,2111,1365,771,1468,1460,13040.0,134.05606641883426,-0.8528578254632116
169,76.608,2038,1292,698,1395,1388,13040.0,134.05706426443695,-0.8528578254632116
170,68.827,1381,845,646,970,1155,13040.0,134.0620534924505,-0.8528578254632116
171,61.112,1381,845,646,970,1155,13040.0,134.06305133805324,-0.8528578254632116
172,80.806,1006,470,270,595,842,13040.0,134.06504702925864,-0.8528578254632134
173,136.876,988,452,252,576,824,13040.0,134.06604487486135,-0.8528578254632097
174,90.179,721,185,25,309,557,13040.0,134.06804056606674,-0.8528578254632134
175,133.255,741,121,172,329,584,13040.0,134.06903841166948,-0.8528578254632116
176,103.85,798,178,230,387,641,13040.0,134.07003625727216,-0.8528578254632097
177,64.237,2148,1211,1415,2113,1887,13040.0,134.05109457541377,-0.8536666277347043
178,59.395,2040,1123,1287,1984,1779,13040.0,134.05209242114591,-0.8536666277347025
179,82.549,2110,1317,1144,1841,1792,13040.0,134.05309026687797,-0.8536666277347041
180,109.128,2122,1312,969,1667,1659,13040.0,134.0540881126101,-0.8536666277347023
181,111.569,2162,1449,854,1552,1544,13040.0,134.05508595834226,-0.8536666277347005
182,131.1,2105,1360,765,1463,1455,13040.0,134.05608380407438,-0.8536666277347063
183,93.461,1990,1244,650,1347,1339,13040.0,134.05708164980646,-0.8536666277347025
184,72.109,1903,1158,563,1260,1253,13040.0,134.05807949553858,-0.8536666277347023
185,92.615,1599,842,550,945,938,13040.0,134.06207087846707,-0.8536666277347023
186,68.252,985,684,868,414,406,13040.0,134.06606226139553,-0.8536666277347063
187,118.299,667,131,68,256,503,13040.0,134.06805795285973,-0.8536666277347005
188,106.997,665,129,70,254,501,13040.0,134.06905579859188,-0.8536666277347025
189,132.24,620,0,290,208,463,13040.0,134.070053644324,-0.8536666277347044
190,66.01,2112,1343,1508,2205,1852,13040.0,134.0511119764919,-0.8544754300713763
191,25.92,2006,1237,1401,2099,1746,13040.0,134.05210982235354,-0.8544754300713742
192,19.505,2017,1397,1208,1905,1700,13040.0,134.05310766821518,-0.8544754300713763
193,71.094,1919,1477,1073,1770,1548,13040.0,134.05410551407684,-0.8544754300713763
194,115.558,2048,1447,977,1674,1640,13040.0,134.0551033599385,-0.8544754300713763
195,144.083,2143,1398,804,1501,1493,13040.0,134.05610120580016,-0.8544754300713724
196,106.861,2034,1337,743,1440,1432,13040.0,134.0570990516618,-0.8544754300713763
197,92.142,1781,1036,442,1139,1131,13040.0,134.05809689752343,-0.8544754300713784
198,78.031,1781,1036,442,1139,1131,13040.0,134.05909474338506,-0.8544754300713723
199,130.988,1599,842,550,945,938,13040.0,134.06208828097,-0.8544754300713743
200,93.021,1169,681,733,594,586,13040.0,134.0640839726933,-0.8544754300713742
201,34.075,1169,681,733,594,586,13040.0,134.06508181855494,-0.8544754300713763
202,42.196,985,684,868,414,406,13040.0,134.06607966441658,-0.8544754300713744
203,86.457,868,566,751,297,289,13040.0,134.06707751027824,-0.8544754300713763
204,152.475,411,124,294,0,261,13040.0,134.06807535613984,-0.8544754300713763
205,108.79,536,7,206,124,379,13040.0,134.0690732020015,-0.8544754300713742
206,104.932,544,15,214,132,387,13040.0,134.0700710478632,-0.8544754300713763
207,12.554,2114,1345,1510,2207,1854,13040.0,134.0511293940551,-0.8552842324732879
208,0.0,1865,1277,1331,2028,1605,13040.0,134.0521272400464,-0.8552842324732938
209,18.746,1845,1552,1147,1844,1584,13040.0,134.0531250860377,-0.8552842324732919
210,61.721,1911,1486,1081,1778,1556,13040.0,134.05412293202897,-0.85528423247329
211,83.977,2080,1508,1066,1764,1708,13040.0,134.05512077802027,-0.8552842324732918
212,59.703,2080,1508,1066,1764,1708,13040.0,134.0561186240116,-0.8552842324732938
213,55.799,1696,1018,424,1121,1113,13040.0,134.05811431599417,-0.85528423247329
214,96.608,1697,1019,424,1122,1114,13040.0,134.05911216198547,-0.8552842324732957
215,39.185,1586,819,224,921,914,13040.0,134.06011000797676,-0.85528423247329
216,125.405,1226,648,700,561,554,13040.0,134.06410139194196,-0.8552842324732919
217,43.753,1122,544,596,457,449,13040.0,134.06509923793325,-0.8552842324732938
218,40.031,733,431,615,162,154,13040.0,134.0660970839246,-0.85528423247329
219,131.022,823,522,706,252,244,13040.0,134.06709492991587,-0.8552842324732918
220,104.932,448,150,331,37,225,13040.0,134.06809277590716,-0.8552842324732919
221,110.841,411,124,294,0,261,13040.0,134.06909062189843,-0.8552842324732918
222,105.135,390,29,272,266,527,13040.0,134.07008846788978,-0.8552842324732918
223,0.0,2143,1418,1583,2280,1882,13040.0,134.05114682810338,-0.8560930349405157
224,0.237,1745,1397,1312,2009,1485,13040.0,134.05214467422448,-0.856093034940512
225,64.124,1729,1414,1296,1993,1468,13040.0,134.05314252034555,-0.8560930349405103
226,60.164,1766,1235,1253,1703,1305,13040.0,134.05513821258768,-0.856093034940512
227,9.339,1766,1235,1253,1703,1305,13040.0,134.05613605870874,-0.856093034940512
228,50.757,1837,1159,565,1262,1254,13040.0,134.05713390482984,-0.856093034940512
229,83.073,1837,1159,565,1262,1254,13040.0,134.0581317509509,-0.8560930349405141
230,111.057,1607,929,334,1032,1024,13040.0,134.05912959707197,-0.856093034940512
231,119.686,1556,878,284,981,973,13040.0,134.06012744319304,-0.856093034940512
232,69.165,1452,684,391,787,779,13040.0,134.06112528931413,-0.8560930349405139
233,73.869,1357,589,296,691,684,13040.0,134.0621231354352,-0.8560930349405103
234,108.282,1311,543,250,646,638,13040.0,134.06312098155624,-0.8560930349405139
235,70.993,1136,558,610,471,463,13040.0,134.06411882767733,-0.856093034940512
236,57.491,1105,526,578,439,432,13040.0,134.0651166737984,-0.8560930349405101
237,53.058,733,431,615,162,154,13040.0,134.0661145199195,-0.8560930349405158
238,111.226,679,378,562,108,100,13040.0,134.0671123660406,-0.8560930349405103
239,74.173,560,266,443,112,112,13040.0,134.06811021216163,-0.8560930349405139
240,104.771,360,59,243,296,557,13040.0,134.07010590440376,-0.856093034940512
241,0.0,1900,1552,1467,2164,1639,13040.0,134.0511642786368,-0.8569018374730991
242,0.0,1900,1552,1467,2164,1639,13040.0,134.0521621248878,-0.8569018374730991
243,79.791,1712,1430,1279,1977,1452,13040.0,134.05315997113874,-0.8569018374731011
244,46.595,1766,1235,1253,1703,1305,13040.0,134.0551556636407,-0.8569018374731012
245,37.831,1695,1164,1182,1632,1234,13040.0,134.05615350989166,-0.8569018374730991
246,12.994,1660,1129,1147,1597,1199,13040.0,134.05715135614264,-0.8569018374731031
247,105.237,1406,832,267,1073,945,13040.0,134.0591470486446,-0.8569018374730991
248,100.063,1484,910,345,1046,1023,13040.0,134.06014489489556,-0.8569018374731012
249,100.026,1411,676,27,778,771,13040.0,134.06114274114654,-0.8569018374730991
250,119.077,1311,543,250,646,638,13040.0,134.0621405873975,-0.8569018374731011
251,91.465,1239,471,231,574,567,13040.0,134.06313843364848,-0.8569018374730992
252,98.402,1126,443,344,461,454,13040.0,134.06413627989946,-0.8569018374731012
253,114.339,971,393,499,306,299,13040.0,134.0651341261504,-0.8569018374731012
254,61.01,729,358,519,64,57,13040.0,134.06613197240137,-0.8569018374730973
255,98.774,697,368,537,32,32,13040.0,134.06712981865235,-0.8569018374731029
256,148.245,626,324,509,55,47,13040.0,134.06812766490333,-0.8569018374730991
257,102.369,117,117,0,117,549,13040.0,134.0701233574053,-0.8569018374730991
258,31.673,1397,1384,1201,1926,1136,13040.0,134.05517313117934,-0.8577106400711167
259,42.704,1660,1129,1147,1597,1199,13040.0,134.05617097756033,-0.8577106400711147
260,44.971,1660,1129,1147,1597,1199,13040.0,134.05716882394134,-0.8577106400711169
261,44.87,1406,832,267,1073,945,13040.0,134.0591645167033,-0.8577106400711167
262,126.288,1391,817,251,1057,930,13040.0,134.06016236308432,-0.8577106400711167
263,111.159,1351,758,55,861,853,13040.0,134.0611602094653,-0.8577106400711147
264,43.245,945,367,526,280,272,13040.0,134.06515159498923,-0.8577106400711147
265,18.713,816,294,455,151,151,13040.0,134.06614944137024,-0.8577106400711167
266,102.496,863,507,668,198,206,13040.0,134.06714728775125,-0.8577106400711167
267,134.033,901,544,705,236,243,13040.0,134.06814513413224,-0.8577106400711147
268,144.569,253,169,162,253,685,13040.0,134.06914298051322,-0.8577106400711167
269,87.948,225,117,214,225,657,13040.0,134.0701408268942,-0.8577106400711167
270,76.106,0,0,117,0,432,13040.0,134.07113867327521,-0.8577106400711167
271,22.435,1605,607,106,563,1201,13040.0,134.05119922915907,-0.8585194427346245
272,16.818,1482,1469,1286,2011,1221,13040.0,134.05419276869247,-0.8585194427346227
273,105.305,1397,1384,1201,1926,1136,13040.0,134.05519061520363,-0.8585194427346227
274,46.595,1275,1262,1079,1804,1014,13040.0,134.05618846171475,-0.8585194427346248
275,58.439,1275,1262,1079,1804,1014,13040.0,134.0571863082259,-0.8585194427346227
276,90.687,1272,698,133,939,811,13040.0,134.06017984775926,-0.8585194427346207
277,94.646,1272,698,133,939,811,13040.0,134.06117769427044,-0.8585194427346265
278,178.768,1169,234,377,656,649,13040.0,134.0631733872927,-0.8585194427346247
279,74.072,1124,188,331,611,603,13040.0,134.06417123380382,-0.8585194427346208
280,7.918,902,185,346,237,230,13040.0,134.06516908031497,-0.8585194427346265
281,49.133,898,197,358,233,226,13040.0,134.0661669268261,-0.8585194427346207
282,103.173,863,507,668,198,206,13040.0,134.06716477333725,-0.8585194427346227
283,147.636,863,507,668,198,206,13040.0,134.06816261984838,-0.8585194427346228
284,160.461,247,140,191,247,680,13040.0,134.0691604663595,-0.8585194427346245
285,65.197,107,13,224,107,540,13040.0,134.07015831287066,-0.8585194427346227
286,69.026,94,13,211,94,526,13040.0,134.0711561593818,-0.8585194427346227
287,42.941,470,503,105,93,340,13040.0,134.0741496989152,-0.8585194427346227
288,30.421,470,503,105,93,340,13040.0,134.07514754542632,-0.8585194427346245
289,101.989,1963,97,0,729,819,13040.0,134.04622749594097,-0.8593282454636828
290,53.803,1870,131,170,636,849,13040.0,134.04722534258235,-0.859328245463681
291,39.625,1750,201,289,517,880,13040.0,134.04822318922376,-0.8593282454636831
292,13.972,1543,545,44,501,1140,13040.0,134.05021888250656,-0.8593282454636831
293,90.684,1543,607,64,542,1181,13040.0,134.05121672914797,-0.8593282454636791
294,11.471,1532,642,64,542,1181,13040.0,134.05221457578938,-0.8593282454636829
295,13.062,1482,1469,1286,2011,1221,13040.0,134.05421026907214,-0.8593282454636828
296,59.42,1482,1469,1286,2011,1221,13040.0,134.05520811571358,-0.859328245463681
297,63.887,1208,1196,1012,1738,947,13040.0,134.05620596235494,-0.8593282454636829
298,31.571,1112,1100,917,1642,852,13040.0,134.05720380899638,-0.8593282454636809
299,91.871,1297,766,785,1234,836,13040.0,134.05820165563773,-0.8593282454636829
300,76.441,1297,766,785,1234,836,13040.0,134.05919950227914,-0.8593282454636811
301,160.529,1175,644,662,1112,714,13040.0,134.06019734892055,-0.8593282454636848
302,110.55,997,436,409,859,536,13040.0,134.06119519556196,-0.8593282454636791
303,136.808,1032,458,374,854,571,13040.0,134.06219304220338,-0.8593282454636831
304,120.464,1147,286,429,708,686,13040.0,134.06319088884476,-0.8593282454636828
305,97.116,1023,126,230,549,542,13040.0,134.06418873548617,-0.859328245463681
306,68.827,1016,71,233,350,343,13040.0,134.06518658212758,-0.8593282454636811
307,71.23,987,318,480,321,326,13040.0,134.06618442876902,-0.8593282454636848
308,116.404,1049,427,520,384,392,13040.0,134.0671822754104,-0.8593282454636791
309,96.033,257,23,374,22,175,13040.0,134.0721715086174,-0.8593282454636811
310,124.897,377,498,198,0,247,13040.0,134.0741672019002,-0.859328245463681
311,110.347,470,503,105,93,340,13040.0,134.0751650485416,-0.8593282454636791
312,8.696,375,397,0,198,244,13040.0,134.076162895183,-0.8593282454636848
313,105.745,2023,189,91,702,728,13040.0,134.0452471649913,-0.8601370482583549
314,127.266,1925,59,38,691,799,13040.0,134.0462450117631,-0.860137048258353
315,116.268,1829,43,141,596,736,13040.0,134.0472428585349,-0.8601370482583567
316,171.287,1698,186,279,464,865,13040.0,134.04824070530668,-0.860137048258353
317,132.747,1618,247,254,385,881,13040.0,134.04923855207846,-0.860137048258355
318,92.933,1431,433,67,389,1028,13040.0,134.05023639885027,-0.860137048258353
319,89.945,1488,532,31,465,1104,13040.0,134.05123424562203,-0.8601370482583567
320,51.348,1551,661,0,562,1200,13040.0,134.05223209239384,-0.860137048258353
321,65.342,1112,1100,917,1642,852,13040.0,134.05622347948096,-0.860137048258353
322,111.091,1069,1057,873,1599,809,13040.0,134.0572213262528,-0.860137048258355
323,89.13,1004,991,808,1533,743,13040.0,134.05821917302458,-0.8601370482583549
324,64.056,1297,766,785,1234,836,13040.0,134.05921701979634,-0.8601370482583549
325,154.167,1109,578,596,1054,648,13040.0,134.06021486656815,-0.8601370482583509
326,128.416,926,395,437,903,465,13040.0,134.06121271333993,-0.8601370482583567
327,103.207,964,410,437,865,503,13040.0,134.06221056011174,-0.860137048258353
328,84.528,956,122,164,663,557,13040.0,134.06320840688352,-0.860137048258353
329,86.863,956,122,164,663,557,13040.0,134.0642062536553,-0.860137048258357
330,130.311,953,0,161,422,415,13040.0,134.06520410042708,-0.8601370482583549
331,108.485,1045,384,476,380,387,13040.0,134.06620194719892,-0.860137048258353
332,139.294,1049,427,520,384,392,13040.0,134.0671997939707,-0.8601370482583549
333,88.536,279,10,396,10,163,13040.0,134.0721890278296,-0.8601370482583549
334,111.971,279,10,396,0,152,13040.0,134.0731868746014,-0.860137048258353
335,150.005,377,498,198,0,247,13040.0,134.07418472137323,-0.860137048258357
336,121.547,375,397,0,198,244,13040.0,134.07518256814498,-0.8601370482583567
337,129.837,246,180,0,176,176,13040.0,134.0761804149168,-0.860137048258353
338,36.884,331,265,84,261,261,13040.0,134.07717826168857,-0.860137048258353
339,30.657,2023,189,91,702,728,13040.0,134.04526469716754,-0.8609458511187008
340,79.554,1919,115,195,597,624,13040.0,134.04626254406983,-0.8609458511187045
341,117.385,1835,345,443,482,978,13040.0,134.04726039097216,-0.8609458511187027
342,87.074,1730,234,332,411,889,13040.0,134.04825823787445,-0.8609458511187027
343,125.581,1644,314,322,317,813,13040.0,134.04925608477674,-0.8609458511187027
344,103.213,1431,433,67,389,1028,13040.0,134.05025393167904,-0.8609458511187047
345,94.15,1370,495,129,354,993,13040.0,134.05125177858133,-0.8609458511187026
346,125.743,1517,627,0,527,1166,13040.0,134.05224962548368,-0.8609458511187047
347,71.094,1082,1228,947,1423,1341,13040.0,134.05424531928824,-0.8609458511187027
348,38.542,1124,1269,988,1465,1383,13040.0,134.05524316619054,-0.8609458511187026
349,73.7,1004,991,808,1533,743,13040.0,134.05723885999515,-0.8609458511187026
350,94.341,981,969,785,1510,720,13040.0,134.05823670689745,-0.8609458511187047
351,121.006,905,893,709,1434,644,13040.0,134.05923455379974,-0.8609458511187008
352,114.204,1043,512,554,1054,582,13040.0,134.06023240070206,-0.8609458511187047
353,131.597,882,351,393,893,421,13040.0,134.06123024760433,-0.8609458511187026
354,125.743,881,350,392,892,420,13040.0,134.06222809450665,-0.8609458511187027
355,70.925,827,163,205,705,428,13040.0,134.06322594140892,-0.8609458511187045
356,139.312,854,19,61,561,454,13040.0,134.06422378831124,-0.8609458511187026
357,137.925,792,0,0,584,392,13040.0,134.06522163521353,-0.8609458511187008
358,108.299,967,192,280,577,554,13040.0,134.06621948211586,-0.8609458511187027
359,107.739,293,139,537,149,90,13040.0,134.0722065635297,-0.8609458511187027
360,95.767,354,163,451,152,0,13040.0,134.07320441043194,-0.8609458511187047
361,108.9,356,257,356,247,94,13040.0,134.07420225733424,-0.8609458511187026
362,114.136,130,251,101,0,0,13040.0,134.07520010423656,-0.8609458511187008
363,112.783,239,217,0,139,139,13040.0,134.07619795113888,-0.8609458511187045
364,64.237,246,180,0,176,176,13040.0,134.07719579804117,-0.8609458511187027
365,78.911,2002,201,281,511,537,13040.0,134.04528224582825,-0.8617546540447876
366,112.174,2002,201,281,511,537,13040.0,134.0462800928612,-0.8617546540447876
367,138.94,1797,385,483,444,940,13040.0,134.04727793989412,-0.8617546540447896
368,155.994,1715,321,419,339,835,13040.0,134.04827578692706,-0.8617546540447877
369,106.128,1607,403,372,228,724,13040.0,134.04927363396,-0.8617546540447876
370,153.017,1437,547,183,273,912,13040.0,134.05027148099293,-0.8617546540447915
371,106.184,1437,547,183,273,912,13040.0,134.05126932802588,-0.8617546540447876
372,46.866,1029,1174,894,1370,1288,13040.0,134.05426286912467,-0.8617546540447913
373,139.447,1090,1236,955,1431,1350,13040.0,134.05526071615762,-0.8617546540447857
374,80.129,848,835,652,1377,587,13040.0,134.0582542572564,-0.8617546540447876
375,163.033,784,772,589,1314,524,13040.0,134.05925210428936,-0.8617546540447895
376,87.776,815,803,620,1345,555,13040.0,134.06024995132228,-0.8617546540447895
377,99.518,748,375,417,916,287,13040.0,134.06124779835523,-0.8617546540447876
378,118.671,801,302,345,844,340,13040.0,134.06224564538817,-0.8617546540447897
379,98.639,827,163,205,705,428,13040.0,134.06324349242107,-0.8617546540447876
380,111.091,720,106,124,708,321,13040.0,134.06424133945404,-0.8617546540447857
381,106.895,774,0,87,671,375,13040.0,134.06523918648696,-0.8617546540447913
382,127.435,897,122,210,629,484,13040.0,134.0662370335199,-0.8617546540447895
383,107.47,1049,284,371,631,639,13040.0,134.06723488055283,-0.8617546540447859
384,100.108,278,153,526,164,75,13040.0,134.07222411571752,-0.8617546540447916
385,102.886,354,163,451,152,0,13040.0,134.07322196275044,-0.8617546540447857
386,163.067,257,243,310,97,147,13040.0,134.07421980978336,-0.8617546540447875
387,138.838,130,251,101,0,0,13040.0,134.0752176568163,-0.8617546540447895
388,136.436,134,68,0,160,287,13040.0,134.07621550384928,-0.8617546540447895
389,56.814,103,15,53,128,266,13040.0,134.07721335088218,-0.8617546540447878
390,155.825,1833,343,450,343,369,13040.0,134.0462976581372,-0.8625634570366738
391,134.439,1764,500,590,347,527,13040.0,134.0472955053009,-0.8625634570366699
392,89.841,1716,513,542,299,575,13040.0,134.0482933524646,-0.8625634570366758
393,163.168,1595,453,421,178,675,13040.0,134.04929119962827,-0.8625634570366738
394,95.999,1416,438,243,0,638,13040.0,134.05028904679196,-0.8625634570366717
395,105.812,1242,543,267,176,807,13040.0,134.05128689395568,-0.8625634570366718
396,103.917,1096,430,305,324,952,13040.0,134.0522847411194,-0.8625634570366758
397,103.41,1053,386,344,364,991,13040.0,134.05328258828308,-0.8625634570366739
398,39.083,943,277,453,472,1100,13040.0,134.05428043544674,-0.8625634570366699
399,64.124,848,835,652,1377,587,13040.0,134.0582718241015,-0.8625634570366738
400,152.069,720,708,524,1250,459,13040.0,134.0592696712652,-0.8625634570366738
401,113.257,708,696,513,1238,448,13040.0,134.0602675184289,-0.8625634570366738
402,83.953,658,445,462,987,197,13040.0,134.06126536559256,-0.8625634570366718
403,143.813,643,424,441,1025,48,13040.0,134.06226321275628,-0.8625634570366738
404,141.309,594,375,392,976,0,13040.0,134.06326105991994,-0.8625634570366738
405,127.503,594,179,197,781,195,13040.0,134.06425890708368,-0.8625634570366738
406,127.571,837,62,149,665,437,13040.0,134.06525675424732,-0.8625634570366717
407,100.357,905,130,218,629,492,13040.0,134.06625460141106,-0.8625634570366738
408,162.897,945,373,460,583,558,13040.0,134.06725244857472,-0.8625634570366758
409,77.9,217,0,553,304,245,13040.0,134.0712438372295,-0.8625634570366718
410,104.487,151,66,487,274,242,13040.0,134.07224168439322,-0.8625634570366718
411,115.388,257,243,310,97,147,13040.0,134.07323953155694,-0.8625634570366758
412,127.503,117,231,117,95,248,13040.0,134.07423737872057,-0.8625634570366718
413,82.667,117,231,117,95,248,13040.0,134.07523522588428,-0.8625634570366738
414,86.017,41,46,57,66,204,13040.0,134.07623307304797,-0.8625634570366717
415,71.094,199,114,232,174,362,13040.0,134.07723092021166,-0.8625634570366758
416,106.117,212,102,244,186,375,13040.0,134.07822876737535,-0.8625634570366718
417,128.619,1797,306,486,306,333,13040.0,134.04631523989787,-0.8633722600944173
418,104.797,1749,187,550,187,301,13040.0,134.04731308719244,-0.8633722600944213
419,90.382,1631,212,453,212,412,13040.0,134.048310934487,-0.8633722600944194
420,98.199,1487,434,312,76,562,13040.0,134.04930878178158,-0.8633722600944173
421,130.446,1415,434,239,4,634,13040.0,134.05030662907615,-0.8633722600944193
422,114.272,1397,665,0,243,866,13040.0,134.05130447637072,-0.8633722600944211
423,115.558,1096,429,336,360,983,13040.0,134.05230232366532,-0.8633722600944193
424,85.479,1080,414,336,360,983,13040.0,134.05330017095986,-0.8633722600944194
425,74.344,943,277,453,472,1100,13040.0,134.05429801825443,-0.8633722600944194
426,85.814,674,819,539,1015,933,13040.0,134.0562937128436,-0.8633722600944193
427,133.424,674,819,539,1015,933,13040.0,134.05729156013817,-0.8633722600944213
428,65.376,558,546,362,1087,297,13040.0,134.06028510202188,-0.8633722600944193
429,42.332,558,546,362,1087,297,13040.0,134.06128294931645,-0.8633722600944213
430,146.418,594,375,392,976,0,13040.0,134.062280796611,-0.8633722600944174
431,119.855,499,274,292,876,100,13040.0,134.0632786439056,-0.8633722600944193
432,70.79,582,351,369,802,182,13040.0,134.06427649120016,-0.863372260094423
433,102.97,637,406,424,754,237,13040.0,134.0652743384947,-0.8633722600944174
434,114.339,879,291,378,517,491,13040.0,134.0662721857893,-0.8633722600944193
435,135.894,895,322,410,533,507,13040.0,134.06727003308387,-0.8633722600944194
436,100.229,177,40,513,300,279,13040.0,134.07126142226218,-0.863372260094423
437,124.525,177,40,513,300,279,13040.0,134.07225926955672,-0.8633722600944194
438,134.439,0,217,392,179,354,13040.0,134.0732571168513,-0.8633722600944173
439,75.324,171,282,213,0,245,13040.0,134.07425496414587,-0.8633722600944213
440,130.717,117,231,117,95,248,13040.0,134.07525281144044,-0.8633722600944193
441,109.602,78,166,111,53,241,13040.0,134.076250658735,-0.8633722600944173
442,144.489,186,150,219,161,349,13040.0,134.07724850602958,-0.8633722600944194
443,104.357,114,0,346,288,477,13040.0,134.07824635332415,-0.8633722600944211
444,28.39,0,208,555,497,685,13040.0,134.0792442006187,-0.8633722600944193
445,12.419,82,290,637,579,767,13040.0,134.08024204791332,-0.8633722600944193
446,102.067,1843,0,665,0,200,13040.0,134.04633283814323,-0.8641810632180892
447,137.282,1746,97,568,97,297,13040.0,134.0473306855688,-0.8641810632180873
448,110.38,1728,180,548,180,380,13040.0,134.04832853299436,-0.8641810632180872
449,139.583,1797,619,399,432,819,13040.0,134.04932638041993,-0.8641810632180892
450,131.022,1397,665,0,243,866,13040.0,134.05132207527106,-0.8641810632180893
451,137.011,1279,488,382,407,1029,13040.0,134.05231992269665,-0.8641810632180874
452,118.908,1212,345,453,477,1100,13040.0,134.05331777012222,-0.8641810632180872
453,120.261,1136,84,646,665,1292,13040.0,134.05431561754776,-0.8641810632180892
454,120.904,1176,87,686,706,1333,13040.0,134.05531346497335,-0.8641810632180874
455,22.705,674,819,539,1015,933,13040.0,134.05631131239895,-0.8641810632180874
456,77.896,621,767,486,962,880,13040.0,134.0573091598245,-0.8641810632180874
457,126.792,491,698,355,925,750,13040.0,134.0583070072501,-0.8641810632180893
458,141.072,372,586,227,995,621,13040.0,134.05930485467564,-0.8641810632180912
459,100.466,441,642,247,1022,414,13040.0,134.06030270210124,-0.8641810632180874
460,132.409,438,727,84,858,482,13040.0,134.06229839695237,-0.8641810632180891
461,156.97,675,444,462,791,275,13040.0,134.06429409180353,-0.8641810632180855
462,137.079,654,424,442,771,255,13040.0,134.0652919392291,-0.8641810632180892
463,94.931,753,359,446,512,312,13040.0,134.06628978665466,-0.8641810632180873
464,95.221,0,217,392,179,354,13040.0,134.07227687120812,-0.8641810632180872
465,77.591,0,217,392,179,354,13040.0,134.07327471863366,-0.8641810632180892
466,39.692,0,110,384,171,416,13040.0,134.07427256605928,-0.8641810632180874
467,114.238,110,0,349,282,480,13040.0,134.07527041348487,-0.8641810632180893
468,143.373,146,166,219,161,350,13040.0,134.0762682609104,-0.8641810632180892
469,122.393,183,73,274,216,405,13040.0,134.07726610833598,-0.8641810632180873
470,92.615,86,72,419,361,549,13040.0,134.0782639557615,-0.8641810632180874
471,96.879,0,114,461,403,591,13040.0,134.07926180318714,-0.8641810632180873
472,119.178,115,324,671,613,801,13040.0,134.0802596506127,-0.8641810632180873
473,133.627,1919,104,688,104,131,13040.0,134.04635045287327,-0.8649898664077416
474,91.566,1806,258,470,258,458,13040.0,134.04834614798665,-0.8649898664077418
475,152.103,1761,583,364,396,783,13040.0,134.04934399554335,-0.8649898664077416
476,137.214,1575,551,177,363,751,13040.0,134.0503418431,-0.8649898664077398
477,132.274,1527,599,129,373,799,13040.0,134.05133969065673,-0.8649898664077398
478,129.702,1500,558,441,591,988,13040.0,134.05233753821344,-0.8649898664077416
479,146.926,1279,241,558,582,1204,13040.0,134.05333538577014,-0.8649898664077397
480,63.725,1257,257,581,604,1228,13040.0,134.05433323332682,-0.8649898664077416
481,134.473,1192,46,730,750,1377,13040.0,134.05533108088352,-0.8649898664077416
482,80.4,1212,145,785,804,1432,13040.0,134.05632892844022,-0.8649898664077416
483,90.179,514,690,379,902,773,13040.0,134.0573267759969,-0.8649898664077416
484,94.104,410,617,279,1006,675,13040.0,134.0583246235536,-0.8649898664077398
485,84.562,302,547,165,930,579,13040.0,134.0593224711103,-0.8649898664077398
486,145.877,223,601,78,846,597,13040.0,134.06032031866704,-0.8649898664077414
487,134.913,355,643,0,774,398,13040.0,134.0613181662237,-0.8649898664077414
488,199.24,355,643,55,774,398,13040.0,134.06231601378042,-0.8649898664077418
489,128.687,229,517,50,648,272,13040.0,134.06331386133712,-0.8649898664077416
490,107.2,659,399,508,338,271,13040.0,134.06530955645053,-0.8649898664077416
491,57.92,782,502,589,419,394,13040.0,134.06630740400718,-0.8649898664077398
492,166.01,221,340,614,400,564,13040.0,134.07129664179072,-0.8649898664077416
493,115.185,131,212,515,302,544,13040.0,134.07329233690407,-0.8649898664077414
494,129.465,5,105,389,176,421,13040.0,134.07429018446078,-0.8649898664077398
495,116.515,110,0,349,282,480,13040.0,134.0752880320175,-0.8649898664077399
496,112.688,0,142,366,308,496,13040.0,134.07628587957421,-0.8649898664077416
497,77.693,223,213,296,238,426,13040.0,134.0772837271309,-0.8649898664077398
498,39.117,186,275,621,563,738,13040.0,134.07828157468757,-0.8649898664077414
499,58.879,212,361,613,649,710,13040.0,134.0792794222443,-0.8649898664077414
500,104.425,2044,200,710,200,0,13040.0,134.04537023640003,-0.8657986696634409
501,106.591,2013,169,741,169,30,13040.0,134.04636808408802,-0.8657986696634389
502,146.215,1725,401,327,244,601,13040.0,134.04936162715182,-0.8657986696634409
503,118.129,1654,471,257,284,671,13040.0,134.0503594748398,-0.8657986696634447
504,132.105,1641,654,251,453,854,13040.0,134.05135732252774,-0.8657986696634389
505,96.371,1461,518,481,551,1028,13040.0,134.0523551702157,-0.8657986696634409
506,104.52,1421,479,520,512,1067,13040.0,134.05335301790362,-0.8657986696634424
507,73.127,1164,354,698,718,1344,13040.0,134.05435086559154,-0.8657986696634409
508,121.919,1121,146,850,871,1342,13040.0,134.0553487132795,-0.8657986696634409
509,84.89,1111,177,907,926,1331,13040.0,134.05634656096748,-0.8657986696634409
510,59.792,434,375,303,1064,714,13040.0,134.05834225634337,-0.8657986696634427
511,152.035,312,497,181,941,699,13040.0,134.05934010403132,-0.8657986696634389
512,37.594,206,603,76,836,594,13040.0,134.06033795171922,-0.8657986696634409
513,72.279,77,576,69,707,465,13040.0,134.0613357994072,-0.8657986696634409
514,183.37,6,498,138,629,381,13040.0,134.06233364709513,-0.8657986696634407
515,119.99,279,467,10,597,221,13040.0,134.06333149478306,-0.8657986696634409
516,138.432,388,355,111,486,110,13040.0,134.06432934247107,-0.8657986696634408
517,75.087,566,296,528,207,178,13040.0,134.065327190159,-0.8657986696634409
518,46.909,676,275,638,97,289,13040.0,134.06632503784692,-0.8657986696634427
519,86.897,238,323,630,417,568,13040.0,134.07131427628664,-0.8657986696634409
520,91.736,159,187,543,330,572,13040.0,134.07330997166258,-0.8657986696634409
521,91.736,94,99,478,265,510,13040.0,134.0743078193505,-0.8657986696634427
522,103.494,142,0,430,362,560,13040.0,134.07530566703846,-0.8657986696634408
523,116.911,59,137,425,367,556,13040.0,134.07630351472642,-0.8657986696634389
524,92.446,183,325,426,368,556,13040.0,134.07730136241432,-0.8657986696634444
525,67.981,142,284,467,409,537,13040.0,134.07829921010227,-0.8657986696634389
526,29.236,320,529,687,818,752,13040.0,134.0792970577902,-0.8657986696634409
527,19.152,1253,1462,1809,1751,1939,13040.0,134.0892755346697,-0.8657986696634389
528,30.353,1253,1462,1809,1751,1939,13040.0,134.09027338235765,-0.8657986696634427
529,127.097,2044,200,710,200,0,13040.0,134.04538788396817,-0.8666074729852478
530,95.356,2079,235,675,235,0,13040.0,134.0463857317875,-0.8666074729852496
531,128.822,2208,463,811,351,227,13040.0,134.04738357960682,-0.8666074729852457
532,110.38,2208,463,811,351,227,13040.0,134.0483814274261,-0.8666074729852494
533,102.24,1841,548,444,97,594,13040.0,134.04937927524543,-0.8666074729852498
534,36.698,1662,626,279,439,826,13040.0,134.05037712306478,-0.8666074729852457
535,80.723,1662,626,279,439,826,13040.0,134.05137497088407,-0.8666074729852496
536,124.491,1256,446,769,793,1416,13040.0,134.0533706665227,-0.8666074729852496
537,144.523,1224,414,737,762,1384,13040.0,134.05436851434203,-0.8666074729852478
538,110.82,1006,182,826,858,1222,13040.0,134.05536636216135,-0.8666074729852478
539,129.524,1063,222,926,947,1283,13040.0,134.05636420998067,-0.8666074729852495
540,32.18,434,375,303,1064,714,13040.0,134.05835990561928,-0.8666074729852455
541,87.472,378,431,247,1007,765,13040.0,134.0593577534386,-0.8666074729852496
542,57.999,266,689,136,896,654,13040.0,134.06035560125795,-0.8666074729852495
543,75.211,3,498,141,629,384,13040.0,134.06135344907725,-0.8666074729852478
544,69.91,102,399,209,530,284,13040.0,134.06235129689657,-0.8666074729852475
545,107.132,179,323,224,454,208,13040.0,134.06334914471586,-0.8666074729852478
546,130.345,255,249,222,380,131,13040.0,134.0643469925352,-0.8666074729852495
547,99.214,494,245,221,375,0,13040.0,134.06534484035453,-0.8666074729852478
548,82.945,673,248,639,70,290,13040.0,134.06634268817385,-0.8666074729852478
549,87.545,639,187,607,9,258,13040.0,134.06734053599317,-0.8666074729852475
550,106.895,212,217,596,383,628,13040.0,134.07432547072838,-0.8666074729852478
551,126.521,279,137,567,489,652,13040.0,134.07532331854767,-0.8666074729852495
552,109.974,191,215,557,499,617,13040.0,134.07632116636702,-0.8666074729852496
553,47.374,142,284,479,421,537,13040.0,134.07731901418634,-0.8666074729852457
554,83.919,381,470,478,759,542,13040.0,134.07831686200564,-0.8666074729852496
555,49.607,381,470,478,759,542,13040.0,134.07931470982496,-0.8666074729852495
556,60.57,560,1028,246,1413,751,13040.0,134.0813104054636,-0.8666074729852496
557,30.827,562,1031,249,1415,753,13040.0,134.0823082532829,-0.8666074729852475
558,1.049,1403,1612,1958,1901,2089,13040.0,134.08829534019878,-0.8666074729852457
559,13.129,1403,1612,1958,1901,2089,13040.0,134.0892931880181,-0.8666074729852496
560,137.383,2188,344,594,344,109,13040.0,134.04540554802094,-0.8674162763732265
561,81.584,2182,338,594,338,103,13040.0,134.04640339597174,-0.8674162763732265
562,91.736,2146,525,748,289,289,13040.0,134.04740124392256,-0.8674162763732265
563,125.912,2177,494,780,320,258,13040.0,134.04839909187336,-0.8674162763732265
564,95.998,1901,608,504,102,534,13040.0,134.0493969398242,-0.8674162763732226
565,89.101,1934,645,541,0,578,13040.0,134.05039478777502,-0.8674162763732285
566,109.307,1654,711,622,280,859,13040.0,134.0513926357258,-0.8674162763732245
567,93.132,1633,691,642,300,879,13040.0,134.05239048367662,-0.8674162763732265
568,105.098,1269,15,1045,1070,1485,13040.0,134.05338833162742,-0.8674162763732245
569,133.695,981,171,850,883,1197,13040.0,134.05538402752904,-0.8674162763732245
570,62.552,911,101,780,946,1132,13040.0,134.0563818754799,-0.8674162763732245
571,66.255,651,158,520,1206,931,13040.0,134.05737972343067,-0.8674162763732265
572,114.889,595,214,464,1225,875,13040.0,134.05837757138147,-0.8674162763732245
573,124.926,407,498,314,1037,795,13040.0,134.05937541933227,-0.8674162763732285
574,98.909,240,665,232,870,628,13040.0,134.0603732672831,-0.8674162763732245
575,36.207,240,665,232,870,628,13040.0,134.0613711152339,-0.8674162763732245
576,86.897,212,460,357,590,348,13040.0,134.0623689631847,-0.8674162763732265
577,125.371,311,359,339,490,248,13040.0,134.0633668111355,-0.8674162763732285
578,121.953,296,202,273,332,92,13040.0,134.06436465908632,-0.8674162763732226
579,99.891,384,117,353,248,12,13040.0,134.06536250703715,-0.8674162763732265
580,74.512,601,149,569,34,220,13040.0,134.06636035498798,-0.8674162763732265
581,146.012,629,178,597,0,248,13040.0,134.06735820293875,-0.8674162763732265
582,118.502,234,197,600,542,584,13040.0,134.07534098654526,-0.8674162763732245
583,116.911,241,209,607,549,572,13040.0,134.07633883449606,-0.8674162763732265
584,112.005,381,470,478,759,542,13040.0,134.07833453039768,-0.8674162763732265
585,25.006,381,470,478,759,542,13040.0,134.07933237834848,-0.8674162763732226
586,39.422,1403,1612,1958,1901,2089,13040.0,134.08831300990576,-0.8674162763732244
587,13.028,1403,1612,1958,1901,2089,13040.0,134.08931085785656,-0.8674162763732283
588,138.094,2346,502,569,502,225,13040.0,134.0464210766408,-0.8682250798274331
589,104.526,2146,525,748,289,289,13040.0,134.0474189247232,-0.8682250798274369
590,92.199,2062,644,665,205,409,13040.0,134.0484167728056,-0.868225079827433
591,126.183,1989,700,530,55,523,13040.0,134.04941462088803,-0.8682250798274369
592,119.887,1819,760,457,114,693,13040.0,134.05041246897045,-0.8682250798274331
593,100.405,1674,731,602,260,839,13040.0,134.0514103170529,-0.8682250798274369
594,77.722,1694,752,703,361,940,13040.0,134.05240816513535,-0.8682250798274351
595,112.275,818,8,687,1048,1030,13040.0,134.05639955746506,-0.868225079827435
596,99.417,693,116,562,1165,943,13040.0,134.05739740554748,-0.868225079827435
597,107.335,651,158,520,1206,931,13040.0,134.0583952536299,-0.8682250798274371
598,93.123,342,766,333,972,730,13040.0,134.06039094979477,-0.8682250798274351
599,47.813,327,625,472,756,514,13040.0,134.06138879787716,-0.8682250798274369
600,113.257,307,554,452,684,442,13040.0,134.06238664595958,-0.868225079827433
601,99.992,335,336,315,467,225,13040.0,134.063384494042,-0.8682250798274349
602,77.32,384,289,363,419,179,13040.0,134.06438234212445,-0.8682250798274351
603,70.118,499,0,467,178,117,13040.0,134.06538019020687,-0.868225079827435
604,81.46,681,230,649,121,300,13040.0,134.0663780382893,-0.868225079827435
605,107.606,780,329,748,220,399,13040.0,134.06737588637174,-0.8682250798274351
606,78.64,816,365,784,256,435,13040.0,134.06837373445416,-0.8682250798274351
607,130.007,393,390,579,701,391,13040.0,134.07635651911355,-0.8682250798274369
608,103.139,393,390,579,701,391,13040.0,134.07735436719597,-0.8682250798274351
609,96.811,401,619,329,908,393,13040.0,134.0783522152784,-0.8682250798274331
610,72.685,401,619,329,908,393,13040.0,134.0793500633608,-0.8682250798274389
611,47.441,285,753,213,1138,476,13040.0,134.08034791144323,-0.8682250798274312
612,63.92,445,851,0,1488,725,13040.0,134.0823436076081,-0.8682250798274351
613,97.387,2346,502,569,502,225,13040.0,134.04544092558044,-0.8690338833479366
614,102.991,2346,502,569,502,225,13040.0,134.04643877379462,-0.8690338833479389
615,118.231,2437,593,317,593,248,13040.0,134.0474366220088,-0.8690338833479369
616,120.6,2099,645,702,242,409,13040.0,134.04843447022293,-0.8690338833479386
617,123.58,1930,798,345,226,708,13040.0,134.04943231843708,-0.8690338833479366
618,45.573,1900,805,375,196,678,13040.0,134.05043016665127,-0.8690338833479366
619,92.006,979,169,848,1207,873,13040.0,134.05741510415038,-0.8690338833479366
620,87.81,478,745,485,906,578,13040.0,134.06040864879287,-0.8690338833479366
621,122.258,403,701,548,832,580,13040.0,134.06140649700706,-0.8690338833479387
622,132.206,428,573,523,704,462,13040.0,134.0624043452212,-0.8690338833479386
623,108.215,502,455,482,586,344,13040.0,134.06340219343537,-0.8690338833479347
624,65.579,608,327,584,481,245,13040.0,134.06440004164955,-0.8690338833479389
625,114.407,698,211,673,389,324,13040.0,134.06539788986373,-0.8690338833479387
626,72.549,898,446,866,338,517,13040.0,134.06639573807786,-0.8690338833479366
627,74.783,816,365,784,256,435,13040.0,134.06739358629204,-0.8690338833479367
628,81.449,816,365,784,256,435,13040.0,134.06839143450617,-0.8690338833479366
629,55.393,390,367,421,860,233,13040.0,134.07737206843368,-0.8690338833479367
630,95.559,390,367,421,860,233,13040.0,134.07836991664783,-0.8690338833479405
631,115.456,265,535,193,919,257,13040.0,134.07936776486198,-0.869033883347935
632,67.846,285,753,213,1138,476,13040.0,134.08036561307617,-0.8690338833479385
633,99.146,445,851,0,1488,725,13040.0,134.08136346129032,-0.8690338833479366
634,36.918,472,879,27,1516,752,13040.0,134.08236130950448,-0.8690338833479367
635,19.694,500,906,55,1543,780,13040.0,134.08335915771866,-0.8690338833479387
636,127.976,2460,616,455,616,111,13040.0,134.0454586390872,-0.8698426869347942
637,120.6,2460,616,455,616,111,13040.0,134.04645648743326,-0.869842686934796
638,118.129,2437,593,317,593,248,13040.0,134.0474543357793,-0.869842686934794
639,76.331,1930,798,345,226,708,13040.0,134.04945003247133,-0.869842686934796
640,17.932,1930,798,345,226,708,13040.0,134.0504478808174,-0.869842686934796
641,89.164,907,324,852,1333,712,13040.0,134.05843066758553,-0.8698426869347958
642,151.088,562,661,570,991,494,13040.0,134.0604263642776,-0.869842686934796
643,130.582,468,751,512,897,552,13040.0,134.06142421262362,-0.869842686934794
644,131.868,535,634,591,765,448,13040.0,134.06242206096962,-0.8698426869347959
645,126.183,560,562,542,693,428,13040.0,134.06341990931566,-0.8698426869347942
646,101.312,614,294,590,473,240,13040.0,134.0644177576617,-0.869842686934796
647,65.206,743,256,718,366,369,13040.0,134.06541560600772,-0.869842686934794
648,26.394,898,446,866,338,517,13040.0,134.06641345435378,-0.869842686934796
649,65.003,390,367,421,860,233,13040.0,134.07738978615998,-0.8698426869347958
650,91.262,299,409,330,825,142,13040.0,134.07838763450604,-0.869842686934794
651,65.2,237,357,309,866,80,13040.0,134.0793854828521,-0.869842686934796
652,100.906,166,634,122,1019,357,13040.0,134.0803833311981,-0.8698426869347942
653,164.285,72,560,0,1113,353,13040.0,134.0813811795441,-0.869842686934796
654,135.353,258,664,186,1301,538,13040.0,134.08237902789014,-0.8698426869347959
655,25.785,258,664,186,1301,538,13040.0,134.08337687623614,-0.8698426869347939
656,107.538,2571,727,426,727,0,13040.0,134.04547636907867,-0.8706514905880719
657,69.946,2571,727,426,727,0,13040.0,134.0464742175567,-0.8706514905880679
658,88.436,2426,602,149,722,276,13040.0,134.04747206603474,-0.8706514905880698
659,109.376,2426,602,149,722,276,13040.0,134.04846991451274,-0.8706514905880698
660,51.161,2098,630,177,394,603,13040.0,134.04946776299076,-0.8706514905880698
661,12.351,990,406,935,1334,703,13040.0,134.0584483992928,-0.8706514905880698
662,56.375,956,372,901,1300,669,13040.0,134.05944624777084,-0.8706514905880698
663,99.992,646,577,654,1072,453,13040.0,134.06044409624886,-0.8706514905880698
664,107.098,664,702,723,962,395,13040.0,134.06144194472688,-0.8706514905880679
665,141.072,666,719,699,850,316,13040.0,134.06243979320487,-0.8706514905880698
666,119.72,606,608,588,739,382,13040.0,134.06343764168287,-0.870651490588072
667,74.613,460,297,491,929,303,13040.0,134.07740752037498,-0.8706514905880679
668,113.73,460,297,491,929,303,13040.0,134.07840536885303,-0.8706514905880698
669,137.586,281,341,346,946,0,13040.0,134.079403217331,-0.8706514905880698
670,152.712,218,269,112,1066,143,13040.0,134.08040106580904,-0.870651490588072
671,101.65,40,487,88,1144,321,13040.0,134.08139891428706,-0.870651490588068
672,164.42,247,654,177,1291,527,13040.0,134.08239676276503,-0.8706514905880698
673,100.195,258,664,186,1301,538,13040.0,134.08339461124305,-0.8706514905880698
674,103.037,2632,797,356,797,70,13040.0,134.04649196416509,-0.8714602943078246
675,101.474,2426,602,149,722,276,13040.0,134.04748981277515,-0.8714602943078226
676,117.317,2276,452,0,572,426,13040.0,134.0484876613853,-0.8714602943078227
677,114.695,2115,614,161,410,587,13040.0,134.0494855099954,-0.8714602943078227
678,26.834,1025,441,969,1368,738,13040.0,134.05846614748643,-0.8714602943078227
679,44.159,815,641,851,1031,400,13040.0,134.06046184470668,-0.8714602943078226
680,40.944,745,703,781,960,330,13040.0,134.0614596933168,-0.8714602943078227
681,32.417,714,719,741,892,273,13040.0,134.06245754192688,-0.8714602943078227
682,102.192,869,577,850,752,133,13040.0,134.063455390537,-0.8714602943078226
683,78.031,950,506,937,684,168,13040.0,134.06445323914716,-0.8714602943078245
684,118.231,332,188,226,1035,61,13040.0,134.07942096829888,-0.8714602943078227
685,111.125,300,188,194,1035,61,13040.0,134.080418816909,-0.8714602943078226
686,108.867,185,382,0,1148,255,13040.0,134.0814166655191,-0.8714602943078246
687,138.94,160,567,184,1208,440,13040.0,134.0824145141292,-0.8714602943078227
688,101.379,2742,906,465,906,179,13040.0,134.04650972725824,-0.8722690980941178
689,141.139,2276,452,0,572,426,13040.0,134.04850542474296,-0.872269098094118
690,82.667,1207,946,1224,1124,493,13040.0,134.06047960965108,-0.8722690980941178
691,9.982,1207,946,1224,1124,493,13040.0,134.06147745839348,-0.872269098094118
692,91.228,991,682,979,861,8,13040.0,134.06247530713577,-0.872269098094118
693,87.479,966,657,953,835,17,13040.0,134.06347315587814,-0.872269098094116
694,78.505,984,539,971,686,171,13040.0,134.06447100462046,-0.8722690980941179
695,67.406,1048,565,1027,606,267,13040.0,134.06546885336286,-0.872269098094116
696,55.292,1194,710,1173,752,412,13040.0,134.0664667021052,-0.872269098094116
697,114.678,488,0,382,1224,126,13040.0,134.07844088701333,-0.8722690980941178
698,130.514,362,126,255,1097,0,13040.0,134.07943873575567,-0.872269098094116
699,150.377,352,395,167,981,268,13040.0,134.080436584498,-0.8722690980941178
700,132.646,268,465,82,1065,338,13040.0,134.08143443324036,-0.872269098094116
701,51.468,816,244,142,870,732,13040.0,134.08343013072505,-0.872269098094116
702,83.903,2742,906,465,906,179,13040.0,134.04652750683638,-0.8730779019470114
703,126.86,2993,917,716,1157,430,13040.0,134.0475253557111,-0.8730779019470153
704,19.626,1265,1004,1282,1182,552,13040.0,134.06049739108212,-0.8730779019470134
705,29.236,1202,941,1219,1119,489,13040.0,134.06149523995683,-0.8730779019470133
706,102.022,1106,845,1123,1023,393,13040.0,134.06249308883153,-0.8730779019470114
707,91.79,1015,658,1002,836,61,13040.0,134.06349093770618,-0.8730779019470153
708,114.248,1048,604,1035,731,166,13040.0,134.06448878658094,-0.8730779019470115
709,13.129,1272,788,1251,830,490,13040.0,134.06648448433032,-0.8730779019470133
710,69.064,1420,937,1399,978,639,13040.0,134.067482333205,-0.8730779019470133
711,111.869,488,0,382,1224,126,13040.0,134.07845867082668,-0.8730779019470114
712,145.471,488,0,382,1224,126,13040.0,134.07945651970135,-0.8730779019470133
713,118.671,352,395,167,981,268,13040.0,134.0804543685761,-0.8730779019470134
714,112.208,352,395,167,981,268,13040.0,134.0814522174508,-0.8730779019470133
715,75.358,484,276,265,849,400,13040.0,134.08245006632544,-0.8730779019470114
716,54.378,816,244,142,870,732,13040.0,134.08344791520014,-0.8730779019470153
717,79.046,2926,881,649,1090,363,13040.0,134.0465453028994,-0.873886705866573
718,54.914,2972,882,696,1137,410,13040.0,134.04754315190655,-0.8738867058665728
719,93.006,2993,917,716,1157,430,13040.0,134.04854100091376,-0.8738867058665749
720,0.102,1290,1029,1307,1207,577,13040.0,134.0605151889998,-0.8738867058665709
721,29.575,1119,858,1136,1036,406,13040.0,134.06151303800695,-0.8738867058665749
722,152.34,1226,965,1243,1143,513,13040.0,134.06251088701416,-0.873886705866573
723,117.25,1140,695,1127,874,162,13040.0,134.06350873602128,-0.8738867058665728
724,53.025,1216,772,1204,950,239,13040.0,134.06450658502848,-0.8738867058665709
725,89.265,1570,1087,1549,1128,789,13040.0,134.06550443403566,-0.8738867058665749
726,36.647,1361,878,1340,919,580,13040.0,134.0665022830428,-0.873886705866573
727,67.372,1420,937,1399,978,639,13040.0,134.06750013205001,-0.873886705866573
728,108.925,499,276,265,849,415,13040.0,134.08147001815044,-0.873886705866573
729,85.848,535,225,214,798,451,13040.0,134.08246786715756,-0.8738867058665729
730,43.008,722,136,34,762,638,13040.0,134.0834657161647,-0.8738867058665728
731,61.89,750,102,0,728,666,13040.0,134.08446356517192,-0.8738867058665709
732,56.307,2957,851,680,1121,394,13040.0,134.04756096458712,-0.8746955098528605
733,105.948,1226,965,1243,1143,513,13040.0,134.06252870168368,-0.8746955098528587
734,110.11,1322,1061,1339,1239,609,13040.0,134.0635265508234,-0.8746955098528605
735,59.995,1603,1119,1582,1161,821,13040.0,134.0645243999632,-0.8746955098528586
736,43.516,1603,1119,1582,1161,821,13040.0,134.06552224910294,-0.8746955098528605
737,47.847,1482,998,1461,1040,700,13040.0,134.06652009824273,-0.8746955098528605
738,45.208,1546,1062,1525,1104,764,13040.0,134.0675179473825,-0.8746955098528585
739,46.223,1720,1236,1699,1278,939,13040.0,134.0685157965223,-0.8746955098528586
740,51.265,621,139,128,712,537,13040.0,134.08248568447905,-0.8746955098528606
741,122.359,760,0,90,626,677,13040.0,134.08348353361882,-0.8746955098528586
742,55.156,3189,619,912,1353,626,13040.0,134.04757879375273,-0.8755043139059316
743,111.734,3189,619,912,1353,626,13040.0,134.04857664302523,-0.8755043139059335
744,112.783,2729,0,452,1025,879,13040.0,134.0495744922977,-0.8755043139059354
745,51.502,2729,0,452,1025,879,13040.0,134.05057234157022,-0.8755043139059335
746,110.719,1529,1046,1508,1087,748,13040.0,134.06653792993,-0.8755043139059335
747,14.314,1617,1133,1596,1175,835,13040.0,134.06753577920253,-0.8755043139059336
748,66.492,1620,1136,1599,1178,839,13040.0,134.06853362847497,-0.8755043139059354
749,21.25,766,58,32,567,682,13040.0,134.08350136756232,-0.8755043139059335
750,53.194,798,90,0,535,714,13040.0,134.08449921683484,-0.8755043139059335
751,10.151,977,269,0,422,893,13040.0,134.08549706610734,-0.8755043139059315
752,118.7,3189,619,912,1353,626,13040.0,134.04759663940345,-0.8763131180258578
753,109.264,3189,619,912,1353,626,13040.0,134.0485944888088,-0.876313118025856
754,89.198,2729,0,452,1025,879,13040.0,134.04959233821413,-0.8763131180258541
755,175.857,2729,0,452,1025,879,13040.0,134.0505901876195,-0.8763131180258561
756,2.233,944,237,32,389,860,13040.0,134.08451706740075,-0.8763131180258541
757,58.134,977,269,32,389,893,13040.0,134.08551491680606,-0.8763131180258598
758,39.446,3317,439,1040,1533,805,13040.0,134.046616652001,-0.8771219222126913
759,61.355,3313,495,1036,1477,750,13040.0,134.0476145015393,-0.8771219222126874
760,117.723,2877,0,601,1173,1027,13040.0,134.0496102006159,-0.8771219222126895
761,98.977,2877,0,601,1173,1027,13040.0,134.0506080501542,-0.8771219222126913
762,33.5,993,286,81,340,909,13040.0,134.0855327839946,-0.8771219222126874
763,94.95,1262,71,0,71,1178,13040.0,134.0875284830712,-0.8771219222126895
764,89.57,1333,0,71,0,1250,13040.0,134.0885263326095,-0.8771219222126913
765,19.965,3317,439,1040,1533,805,13040.0,134.0466345304889,-0.8779307264664957
766,73.869,3303,425,1026,1547,819,13040.0,134.0476323801603,-0.8779307264664996
767,129.702,3130,252,853,1425,993,13040.0,134.04863022983164,-0.8779307264664958
768,124.829,2990,112,713,1285,1132,13040.0,134.049628079503,-0.8779307264664995
769,89.028,1262,71,0,71,1178,13040.0,134.0875463670157,-0.8779307264664958
770,77.287,1333,0,71,0,1250,13040.0,134.0885442166871,-0.8779307264664977
771,21.656,3391,513,1114,1686,981,13040.0,134.04665242546176,-0.878739530787341
772,87.438,3340,462,1063,1635,930,13040.0,134.0476502752664,-0.8787395307873391
773,91.397,3123,245,846,1418,1000,13040.0,134.04864812507103,-0.8787395307873391
774,67.169,3068,190,792,1364,1114,13040.0,134.04964597487557,-0.8787395307873391
775,123.273,3391,513,1114,1686,981,13040.0,134.04667033691976,-0.8795483351752769
776,70.384,3391,513,1114,1686,981,13040.0,134.0476681868577,-0.8795483351752769
777,108.688,3098,220,822,1394,1144,13040.0,134.04966388673355,-0.879548335175277
