,POP_2015,active_living,community_space,education,food_choices,health_wellbeing,mobility,nightlife,ID_HDC_G0,lng,lat
0,26.89,4895,1853,1112,2392,1570,5000,5000,2901.0,10.380065207109674,5.510561002601248
1,38.777,4790,1747,1006,2286,1465,5000,5000,2901.0,10.381065839992218,5.510561002601247
2,16.342,4790,1747,1006,2286,1465,5000,5000,2901.0,10.382066472874769,5.510561002601248
3,72.32,3989,728,73,1880,0,5000,4989,2901.0,10.391072168817699,5.510561002601247
4,63.19,3967,706,166,1893,93,5000,4967,2901.0,10.392072801700246,5.510561002601247
5,110.857,3902,641,347,1855,274,5000,4902,2901.0,10.39307343458279,5.510561002601247
6,40.176,3807,546,418,1760,399,5000,4807,2901.0,10.394074067465343,5.510561002601248
7,105.743,3856,595,467,1809,473,5000,4857,2901.0,10.39507470034789,5.510561002601248
8,82.409,3842,581,453,1795,459,5000,4843,2901.0,10.396075333230435,5.510561002601247
9,103.226,3791,593,514,1857,521,5000,4792,2901.0,10.397075966112986,5.510561002601247
10,63.17,3747,579,559,1878,565,5000,4747,2901.0,10.398076598995534,5.510561002601247
11,91.079,3707,629,649,1884,817,4808,4655,2901.0,10.399077231878081,5.510561002601247
12,40.335,3707,629,649,1884,817,4808,4655,2901.0,10.400077864760629,5.510561002601247
13,88.582,3691,673,913,1928,1486,4772,4618,2901.0,10.403079763408272,5.510561002601248
14,86.364,3712,695,935,1949,1508,4793,4640,2901.0,10.40408039629082,5.510561002601247
15,74.857,4029,1012,1251,2266,1825,5000,4957,2901.0,10.405081029173367,5.510561002601247
16,34.542,4029,1012,1251,2266,1825,5000,4957,2901.0,10.406081662055914,5.510561002601248
17,69.743,3553,1199,727,2687,2274,4406,4464,2901.0,10.409083560703557,5.510561002601247
18,0.0,3690,1559,367,3042,2633,4046,4127,2901.0,10.412085459351204,5.510561002601248
19,0.0,3690,1559,367,3042,2633,4046,4127,2901.0,10.413086092233751,5.510561002601247
20,0.32,3699,1832,94,3052,2694,4056,4136,2901.0,10.414086725116297,5.510561002601248
21,29.348,3699,1832,94,3052,2694,4056,4136,2901.0,10.415087357998845,5.510561002601248
22,33.243,3793,1926,0,3146,2788,3988,4068,2901.0,10.416087990881394,5.510561002601247
23,98.831,4120,859,444,1874,517,5000,5000,2901.0,10.389062158773358,5.509750798510391
24,90.3,4120,859,444,1874,517,5000,5000,2901.0,10.390062790813692,5.509750798510391
25,46.548,4026,765,36,1853,36,5000,4994,2901.0,10.391063422854026,5.509750798510391
26,78.673,3889,628,186,1815,113,5000,4889,2901.0,10.392064054894362,5.509750798510391
27,99.949,3811,550,317,1737,244,5000,4811,2901.0,10.393064686934695,5.50975079851039
28,46.728,3785,525,396,1738,390,5000,4786,2901.0,10.39406531897503,5.50975079851039
29,54.899,3764,503,375,1717,381,5000,4764,2901.0,10.395065951015363,5.509750798510391
30,61.572,3732,471,342,1684,349,5000,4732,2901.0,10.396066583055699,5.509750798510391
31,78.353,3747,579,559,1878,565,5000,4747,2901.0,10.397067215096035,5.509750798510391
32,75.297,3637,518,532,1809,675,4916,4637,2901.0,10.398067847136367,5.50975079851039
33,116.491,3606,498,512,1783,706,4885,4606,2901.0,10.399068479176702,5.509750798510391
34,91.818,3589,572,780,1826,955,4670,4517,2901.0,10.400069111217038,5.509750798510391
35,84.526,3589,572,780,1826,955,4670,4517,2901.0,10.401069743257375,5.509750798510391
36,70.622,3543,525,765,1780,1338,4624,4470,2901.0,10.402070375297706,5.509750798510391
37,72.42,3603,586,826,1840,1399,4684,4531,2901.0,10.403071007338042,5.509750798510391
38,104.824,3773,755,995,2010,1568,4854,4701,2901.0,10.404071639378376,5.509750798510391
39,67.905,3918,900,1140,2155,1713,4999,4845,2901.0,10.40507227141871,5.509750798510391
40,63.53,3918,900,1140,2155,1713,4999,4845,2901.0,10.406072903459044,5.509750798510391
41,0.0,3690,1559,367,3042,2633,4046,4127,2901.0,10.41207669570105,5.50975079851039
42,0.0,3690,1559,367,3042,2633,4046,4127,2901.0,10.413077327741386,5.50975079851039
43,0.0,3699,1832,94,3052,2694,4056,4136,2901.0,10.414077959781721,5.509750798510391
44,39.177,3699,1832,94,3052,2694,4056,4136,2901.0,10.415078591822054,5.509750798510391
45,27.37,3793,1926,0,3146,2788,3988,4068,2901.0,10.41607922386239,5.509750798510391
46,1.299,4678,1727,775,2174,1695,5000,5000,2901.0,10.380047735016184,5.508940594842791
47,0.06,4678,1727,775,2174,1695,5000,5000,2901.0,10.381048366214433,5.50894059484279
48,42.053,4436,1393,1150,1932,1111,5000,5000,2901.0,10.384050259809175,5.508940594842791
49,77.155,4291,1249,1005,1787,966,5000,5000,2901.0,10.38505089100742,5.50894059484279
50,77.634,4285,1207,999,1781,924,5000,5000,2901.0,10.386051522205667,5.50894059484279
51,67.266,4148,1070,862,1644,787,5000,5000,2901.0,10.387052153403916,5.508940594842791
52,73.059,4156,974,789,1652,691,5000,5000,2901.0,10.388052784602163,5.508940594842791
53,88.602,4120,859,444,1874,517,5000,5000,2901.0,10.38905341580041,5.508940594842791
54,64.249,3953,692,277,1706,350,5000,4953,2901.0,10.390054046998657,5.50894059484279
55,95.494,3953,692,277,1706,350,5000,4953,2901.0,10.391054678196905,5.508940594842791
56,44.591,3830,569,232,1721,159,5000,4830,2901.0,10.39205530939515,5.50894059484279
57,67.905,3778,517,350,1704,277,5000,4779,2901.0,10.393055940593396,5.508940594842791
58,37.359,3729,468,340,1655,319,5000,4729,2901.0,10.394056571791644,5.508940594842791
59,47.088,3609,348,220,1562,226,4998,4609,2901.0,10.395057202989893,5.508940594842791
60,73.079,3662,438,392,1711,398,5000,4662,2901.0,10.39605783418814,5.508940594842791
61,79.412,3585,361,375,1660,475,5000,4585,2901.0,10.397058465386388,5.508940594842791
62,54.819,3606,498,512,1783,706,4885,4606,2901.0,10.398059096584634,5.508940594842791
63,110.877,3543,466,486,1720,755,4822,4543,2901.0,10.399059727782882,5.50894059484279
64,99.07,3589,572,780,1826,955,4670,4517,2901.0,10.40006035898113,5.508940594842791
65,95.195,3484,466,706,1721,1028,4565,4411,2901.0,10.401060990179376,5.508940594842791
66,105.244,3483,466,706,1720,1279,4564,4411,2901.0,10.402061621377623,5.508940594842791
67,55.618,3513,495,735,1750,1308,4594,4440,2901.0,10.40306225257587,5.508940594842791
68,104.185,3918,900,1140,2155,1713,4999,4845,2901.0,10.405063514972362,5.508940594842791
69,82.589,3918,900,1140,2155,1713,4999,4845,2901.0,10.406064146170609,5.508940594842791
70,76.415,3234,880,833,2368,1955,4298,4144,2901.0,10.407064777368857,5.50894059484279
71,0.959,3482,1767,311,2834,2476,3838,3919,2901.0,10.41306856455834,5.508940594842791
72,21.197,3479,1769,314,2832,2474,3836,3916,2901.0,10.414069195756587,5.508940594842791
73,66.526,4171,1304,885,1667,1047,5000,5000,2901.0,10.38504215270861,5.5081303915983835
74,83.028,4171,1304,885,1667,1047,5000,5000,2901.0,10.386042783064894,5.5081303915983835
75,105.224,4029,1163,743,1526,906,5000,5000,2901.0,10.38704341342118,5.5081303915983835
76,54.02,4156,974,789,1652,691,5000,5000,2901.0,10.388044043777466,5.5081303915983835
77,55.379,3956,775,589,1452,492,5000,4957,2901.0,10.389044674133752,5.5081303915983835
78,70.362,3956,775,589,1452,492,5000,4957,2901.0,10.390045304490037,5.508130391598384
79,64.209,3888,627,183,1642,256,5000,4888,2901.0,10.391045934846323,5.508130391598384
80,79.512,3902,641,169,1656,242,5000,4902,2901.0,10.392046565202607,5.5081303915983835
81,70.702,3622,361,232,1512,78,5000,4622,2901.0,10.393047195558893,5.5081303915983835
82,81.13,3540,279,150,1431,95,4957,4540,2901.0,10.394047825915179,5.508130391598384
83,87.144,3550,289,160,1458,123,4967,4550,2901.0,10.395048456271464,5.5081303915983835
84,70.222,3463,202,74,1514,203,4880,4463,2901.0,10.39604908662775,5.5081303915983835
85,65.647,3482,258,272,1557,531,4899,4482,2901.0,10.397049716984034,5.5081303915983835
86,83.248,3482,258,272,1557,541,4899,4482,2901.0,10.39805034734032,5.5081303915983835
87,71.621,3451,373,578,1628,847,4730,4451,2901.0,10.399050977696605,5.508130391598384
88,88.902,3366,289,529,1543,858,4645,4366,2901.0,10.40005160805289,5.5081303915983835
89,79.792,3451,434,673,1688,1028,4532,4379,2901.0,10.401052238409175,5.508130391598384
90,54.38,3430,412,652,1667,1225,4511,4358,2901.0,10.402052868765463,5.508130391598384
91,56.038,3505,487,727,1742,1300,4586,4432,2901.0,10.40305349912175,5.5081303915983835
92,122.285,3149,794,747,2282,1869,4213,4059,2901.0,10.406055390190604,5.508130391598384
93,85.086,3192,837,790,2325,1912,4255,4102,2901.0,10.407056020546891,5.508130391598384
94,56.857,3479,1769,314,2832,2474,3836,3916,2901.0,10.413059802684602,5.5081303915983835
95,75.556,3326,1851,466,2679,2321,3683,3764,2901.0,10.41406043304089,5.5081303915983835
96,10.109,3326,1851,466,2679,2321,3683,3764,2901.0,10.415061063397173,5.5081303915983835
97,79.832,4457,1506,554,1953,1854,5000,5000,2901.0,10.380030268143324,5.507320188777107
98,46.628,4171,1304,885,1667,1047,5000,5000,2901.0,10.385033415715572,5.507320188777107
99,28.469,4171,1304,885,1667,1047,5000,5000,2901.0,10.386034045230023,5.507320188777107
100,81.869,4029,1163,743,1526,906,5000,5000,2901.0,10.387034674744474,5.507320188777107
101,93.916,3956,775,589,1452,492,5000,4957,2901.0,10.389035933773373,5.507320188777107
102,76.575,3956,775,589,1452,492,5000,4957,2901.0,10.390036563287824,5.507320188777108
103,61.812,3834,613,428,1397,331,5000,4835,2901.0,10.39103719280227,5.507320188777106
104,96.873,3751,490,320,1520,208,5000,4752,2901.0,10.39203782231672,5.507320188777107
105,82.609,3639,378,249,1530,95,5000,4639,2901.0,10.393038451831172,5.507320188777107
106,95.135,3502,241,113,1393,49,4919,4502,2901.0,10.394039081345621,5.507320188777107
107,59.035,3432,171,43,1449,147,4849,4433,2901.0,10.395039710860068,5.507320188777107
108,60.273,3463,202,74,1514,203,4880,4463,2901.0,10.396040340374519,5.507320188777107
109,102.407,3428,204,218,1503,487,4845,4428,2901.0,10.397040969888968,5.507320188777107
110,102.966,3482,258,272,1557,541,4899,4482,2901.0,10.398041599403419,5.507320188777107
111,75.816,3366,289,529,1543,858,4645,4366,2901.0,10.399042228917867,5.507320188777107
112,57.496,3305,228,468,1483,797,4585,4306,2901.0,10.400042858432316,5.507320188777107
113,74.318,3282,265,505,1519,1080,4363,4210,2901.0,10.401043487946767,5.507320188777107
114,56.677,3308,291,531,1545,1104,4389,4236,2901.0,10.402044117461216,5.507320188777107
115,83.887,3424,407,647,1661,1220,4505,4352,2901.0,10.403044746975667,5.507320188777107
116,101.188,3107,753,705,2241,1827,4171,4017,2901.0,10.406046635519015,5.507320188777108
117,68.504,3107,753,705,2241,1827,4171,4017,2901.0,10.407047265033468,5.507320188777106
118,22.315,3653,2116,661,3006,2648,4010,4090,2901.0,10.411049783091265,5.507320188777107
119,26.73,3554,2017,561,2906,2549,3910,3991,2901.0,10.412050412605712,5.507320188777107
120,82.768,3480,1973,553,2832,2474,3836,3917,2901.0,10.413051042120165,5.507320188777107
121,64.708,3290,1814,503,2642,2285,3646,3727,2901.0,10.414051671634613,5.507320188777108
122,17.081,3253,1777,540,2606,2248,3610,3690,2901.0,10.41505230114906,5.507320188777107
123,74.558,4308,1357,406,1804,1705,5000,5000,2901.0,10.379020907991865,5.506509986378897
124,79.592,4457,1506,554,1953,1854,5000,5000,2901.0,10.380021536664605,5.506509986378897
125,25.132,3819,968,533,1315,700,5000,4820,2901.0,10.388026566046522,5.506509986378897
126,81.45,3809,972,522,1305,690,5000,4809,2901.0,10.389027194719263,5.506509986378899
127,73.838,3733,781,447,1229,498,5000,4733,2901.0,10.390027823392,5.506509986378897
128,74.418,3733,781,447,1229,498,5000,4733,2901.0,10.391028452064738,5.506509986378897
129,78.193,3765,504,376,1656,222,5000,4766,2901.0,10.392029080737482,5.506509986378899
130,105.144,3765,504,376,1656,222,5000,4766,2901.0,10.39302970941022,5.506509986378897
131,55.079,3389,128,0,1445,154,4806,4389,2901.0,10.3950309667557,5.506509986378897
132,73.119,3251,9,41,1326,292,4668,4251,2901.0,10.39603159542844,5.506509986378898
133,100.908,3316,93,107,1391,375,4733,4317,2901.0,10.397032224101178,5.506509986378899
134,71.821,3245,305,306,1320,588,4662,4245,2901.0,10.398032852773918,5.506509986378897
135,82.788,3319,363,380,1395,662,4719,4320,2901.0,10.399033481446656,5.506509986378898
136,66.526,3235,158,398,1412,833,4514,4235,2901.0,10.400034110119396,5.506509986378897
137,66.806,3209,142,382,1396,957,4390,4201,2901.0,10.401034738792138,5.506509986378897
138,111.996,3145,306,546,1547,1121,4226,4073,2901.0,10.402035367464876,5.506509986378898
139,45.789,2940,586,538,2073,1660,4004,3850,2901.0,10.406037882155836,5.506509986378899
140,84.786,3050,696,649,2216,1816,4114,3960,2901.0,10.407038510828576,5.506509986378897
141,120.107,3497,1142,1095,2630,2217,4560,4407,2901.0,10.408039139501314,5.506509986378897
142,24.153,3497,1142,1095,2630,2217,4560,4407,2901.0,10.409039768174056,5.506509986378897
143,69.004,3653,2116,661,3006,2648,4010,4090,2901.0,10.411041025519532,5.506509986378897
144,54.939,3554,2017,561,2906,2549,3910,3991,2901.0,10.412041654192274,5.506509986378897
145,92.917,3522,1986,530,2875,2517,3879,3960,2901.0,10.413042282865014,5.506509986378899
146,51.523,3253,1777,540,2606,2248,3610,3690,2901.0,10.414042911537752,5.506509986378897
147,31.185,3253,1777,540,2606,2248,3610,3690,2901.0,10.415043540210492,5.506509986378897
148,101.108,4308,1357,406,1804,1705,5000,5000,2901.0,10.379012178659856,5.505699784403694
149,34.302,3817,946,678,1313,842,5000,4817,2901.0,10.386016573477946,5.505699784403694
150,47.168,3763,892,543,1259,750,5000,4763,2901.0,10.387017201309101,5.505699784403694
151,102.786,3763,892,543,1259,750,5000,4763,2901.0,10.388017829140255,5.505699784403694
152,68.085,3648,840,362,1145,583,5000,4649,2901.0,10.390019084802567,5.505699784403694
153,85.565,3433,301,300,1144,289,4855,4433,2901.0,10.393020968296034,5.505699784403694
154,89.781,3460,264,263,1181,326,4880,4461,2901.0,10.394021596127187,5.505699784403694
155,61.292,3488,227,226,1218,363,4905,4488,2901.0,10.395022223958344,5.505699784403694
156,62.89,3209,51,0,1284,334,4626,4209,2901.0,10.396022851789498,5.505699784403693
157,63.43,3209,51,0,1284,334,4626,4209,2901.0,10.397023479620653,5.505699784403694
158,73.718,3174,298,235,1250,581,4591,4175,2901.0,10.398024107451809,5.505699784403694
159,84.886,3179,342,239,1254,649,4596,4179,2901.0,10.399024735282964,5.505699784403694
160,74.49,3077,0,239,1254,843,4419,4077,2901.0,10.400025363114121,5.505699784403694
161,112.575,3165,88,328,1342,903,4444,4165,2901.0,10.401025990945277,5.505699784403694
162,63.25,3111,304,544,1512,1119,4252,4070,2901.0,10.40202661877643,5.505699784403693
163,44.371,2940,586,538,2073,1660,4004,3850,2901.0,10.406029130101054,5.505699784403694
164,106.882,3497,1142,1095,2630,2217,4560,4407,2901.0,10.408030385763363,5.505699784403694
165,21.616,3497,1142,1095,2630,2217,4560,4407,2901.0,10.409031013594518,5.505699784403694
166,3.576,3108,1632,461,2461,2103,3465,3545,2901.0,10.415034780581452,5.505699784403694
167,1.059,3123,1540,476,2476,2118,3151,3232,2901.0,10.416035408412608,5.505699784403694
168,66.187,4227,1276,35,1724,1625,5000,5000,2901.0,10.379003450632837,5.5048895828514315
169,79.852,4099,1148,163,1595,1496,5000,5000,2901.0,10.380004077622536,5.5048895828514315
170,62.99,4090,1139,172,1587,1488,5000,5000,2901.0,10.381004704612232,5.5048895828514315
171,119.368,3770,899,671,1266,835,5000,4770,2901.0,10.386007839560717,5.5048895828514315
172,76.595,3693,822,554,1189,718,5000,4693,2901.0,10.387008466550414,5.504889582851431
173,77.474,3605,734,385,1101,592,5000,4605,2901.0,10.388009093540111,5.5048895828514315
174,45.37,3587,716,342,1083,549,5000,4587,2901.0,10.38900972052981,5.5048895828514315
175,96.793,3580,772,294,1077,530,5000,4581,2901.0,10.390010347519507,5.5048895828514315
176,113.115,3616,808,92,1113,566,5000,4617,2901.0,10.391010974509204,5.5048895828514315
177,88.682,3709,900,0,1205,658,5000,4709,2901.0,10.392011601498899,5.504889582851431
178,76.675,3298,436,346,1010,424,4720,4298,2901.0,10.3930122284886,5.5048895828514315
179,61.172,3488,227,226,1218,363,4905,4488,2901.0,10.394012855478294,5.5048895828514315
180,21.696,3488,227,226,1218,363,4905,4488,2901.0,10.395013482467991,5.504889582851431
181,56.777,3036,224,97,1112,506,4453,4037,2901.0,10.397014736447385,5.5048895828514315
182,96.753,3036,224,97,1112,506,4453,4037,2901.0,10.398015363437084,5.5048895828514315
183,106.442,3011,65,305,1291,909,4353,4011,2901.0,10.400016617416476,5.504889582851431
184,80.131,2937,139,379,1316,983,4279,3938,2901.0,10.401017244406175,5.5048895828514315
185,87.803,3066,285,525,1468,1101,4293,4066,2901.0,10.40201787139587,5.5048895828514315
186,100.429,2908,553,506,1789,1376,3972,3818,2901.0,10.404019125375266,5.5048895828514315
187,71.721,2838,484,436,1859,1446,3902,3748,2901.0,10.405019752364959,5.5048895828514315
188,85.146,2825,471,424,1991,1701,3889,3735,2901.0,10.406020379354658,5.5048895828514315
189,40.156,2959,1483,312,2311,1954,3315,3396,2901.0,10.415026022261934,5.5048895828514315
190,7.112,3123,1540,476,2476,2118,3151,3232,2901.0,10.416026649251629,5.5048895828514315
191,87.443,4245,1294,17,1741,1642,5000,5000,2901.0,10.378994723910798,5.504079381722047
192,81.849,4227,1276,35,1724,1625,5000,5000,2901.0,10.379995350059165,5.504079381722048
193,24.753,4099,1148,163,1595,1496,5000,5000,2901.0,10.380995976207531,5.504079381722048
194,98.271,3874,926,560,1371,1166,5000,4875,2901.0,10.382997228504259,5.504079381722047
195,80.93,3655,784,685,1152,725,5000,4656,2901.0,10.385999106949354,5.504079381722048
196,84.087,3714,843,575,1210,739,5000,4714,2901.0,10.386999733097719,5.504079381722048
197,81.73,3584,713,405,1081,591,4993,4585,2901.0,10.38800035924608,5.504079381722048
198,82.708,3514,643,325,1010,476,4936,4514,2901.0,10.389000985394446,5.504079381722048
199,97.952,3512,673,226,1008,462,4934,4513,2901.0,10.390001611542813,5.504079381722048
200,93.976,3322,772,238,827,249,4745,4323,2901.0,10.391002237691175,5.504079381722047
201,85.086,3199,535,247,910,332,4621,4199,2901.0,10.39200286383954,5.504079381722048
202,61.852,3245,489,293,956,378,4667,4245,2901.0,10.393003489987905,5.504079381722048
203,3.376,3298,436,346,1010,424,4720,4298,2901.0,10.394004116136268,5.504079381722047
204,71.721,2939,239,0,1014,604,4356,3939,2901.0,10.398006620729728,5.504079381722048
205,74.095,2869,207,447,1384,1051,4211,3869,2901.0,10.40100849917482,5.504079381722048
206,98.951,2838,484,436,1859,1446,3902,3748,2901.0,10.404010377619914,5.504079381722048
207,91.359,2674,319,272,1839,1610,3737,3584,2901.0,10.405011003768278,5.504079381722048
208,66.686,2689,334,287,1854,1595,3753,3599,2901.0,10.406011629916643,5.504079381722048
209,91.339,2853,1061,369,2306,1855,3733,3763,2901.0,10.411014760658464,5.504079381722047
210,99.17,2943,1467,296,2296,1938,3331,3411,2901.0,10.415017265251924,5.504079381722047
211,76.815,4370,1419,107,1866,1767,5000,5000,2901.0,10.37798537318658,5.503269181015477
212,114.254,4370,1419,107,1866,1767,5000,5000,2901.0,10.378985998493738,5.503269181015479
213,59.494,4281,1329,351,1777,1678,5000,5000,2901.0,10.379986623800894,5.503269181015479
214,32.324,3806,855,456,1302,1203,5000,4807,2901.0,10.381987874415211,5.503269181015479
215,108.74,3797,846,465,1294,1195,5000,4798,2901.0,10.382988499722368,5.503269181015479
216,67.645,3694,746,798,1191,838,5000,4695,2901.0,10.384989750336683,5.503269181015478
217,67.805,3709,768,775,1205,815,5000,4709,2901.0,10.385990375643841,5.503269181015479
218,87.004,3524,653,582,1020,593,4946,4524,2901.0,10.386991000951,5.503269181015478
219,105.763,3490,619,500,986,515,4912,4490,2901.0,10.387991626258156,5.503269181015478
220,88.422,3439,568,391,936,401,4862,4440,2901.0,10.388992251565314,5.503269181015479
221,91.179,3353,607,291,849,302,4775,4353,2901.0,10.389992876872471,5.503269181015479
222,86.524,3286,736,202,791,212,4708,4286,2901.0,10.39099350217963,5.503269181015479
223,54.999,3245,695,161,750,172,4667,4246,2901.0,10.391994127486786,5.503269181015478
224,89.561,3098,640,189,897,366,4520,4098,2901.0,10.392994752793944,5.503269181015479
225,79.792,2984,756,173,783,439,4406,3985,2901.0,10.393995378101103,5.503269181015478
226,30.526,2850,526,286,728,700,4267,3851,2901.0,10.396997254022576,5.503269181015479
227,54.959,2829,350,110,904,714,4246,3829,2901.0,10.397997879329736,5.503269181015479
228,79.772,2952,332,233,1028,838,4369,3953,2901.0,10.398998504636891,5.503269181015478
229,93.505,3041,377,322,1116,926,4458,4041,2901.0,10.39999912994405,5.503269181015478
230,68.424,3071,407,352,1146,956,4488,4071,2901.0,10.40099975525121,5.503269181015478
231,74.697,2693,469,559,1520,1313,4024,3693,2901.0,10.402000380558365,5.503269181015478
232,90.36,2693,469,559,1520,1313,4024,3693,2901.0,10.403001005865523,5.503269181015479
233,102.846,2810,464,417,1693,1486,3883,3729,2901.0,10.404001631172681,5.503269181015479
234,104.185,2712,358,311,1799,1592,3776,3622,2901.0,10.405002256479836,5.503269181015478
235,58.415,2632,277,230,1797,1634,3695,3542,2901.0,10.406002881786995,5.503269181015478
236,48.806,2670,316,269,1867,1673,3734,3580,2901.0,10.407003507094153,5.503269181015479
237,64.209,2732,905,213,2150,1734,3612,3642,2901.0,10.410005383015628,5.503269181015479
238,83.468,2736,944,252,2189,1739,3616,3646,2901.0,10.411006008322783,5.503269181015479
239,13.745,2712,920,228,2165,1714,3592,3622,2901.0,10.412006633629941,5.503269181015478
240,41.334,2817,1170,0,2169,1811,3407,3488,2901.0,10.413007258937098,5.503269181015479
241,93.337,2793,1317,146,2145,1788,3383,3464,2901.0,10.414007884244256,5.503269181015478
242,96.234,2813,1337,166,2165,1808,3403,3484,2901.0,10.415008509551416,5.503269181015478
243,28.828,4345,1394,245,1841,1742,5000,5000,2901.0,10.377976649915558,5.502458980731661
244,110.538,4318,1367,218,1814,1715,5000,5000,2901.0,10.378977274381633,5.50245898073166
245,41.614,4180,1228,302,1676,1577,5000,5000,2901.0,10.379977898847711,5.50245898073166
246,8.81,4047,1095,435,1543,1444,5000,5000,2901.0,10.380978523313786,5.50245898073166
247,0.22,3885,934,569,1381,1282,5000,4885,2901.0,10.381979147779866,5.50245898073166
248,27.47,3817,865,526,1313,1214,5000,4817,2901.0,10.38297977224594,5.50245898073166
249,53.98,3560,611,710,1056,949,4982,4560,2901.0,10.383980396712017,5.502458980731659
250,70.522,3560,611,710,1056,949,4982,4560,2901.0,10.384981021178094,5.50245898073166
251,110.877,3694,746,798,1191,838,5000,4695,2901.0,10.385981645644168,5.50245898073166
252,94.256,3474,603,533,971,544,4897,4475,2901.0,10.386982270110249,5.502458980731659
253,95.095,3359,488,418,855,429,4781,4359,2901.0,10.387982894576323,5.502458980731659
254,64.788,3253,382,312,749,322,4675,4253,2901.0,10.388983519042403,5.50245898073166
255,74.558,3335,607,274,832,285,4758,4336,2901.0,10.38998414350848,5.502458980731659
256,108.86,3173,635,112,669,123,4595,4173,2901.0,10.390984767974553,5.502458980731659
257,76.076,3175,745,91,680,101,4597,4175,2901.0,10.391985392440633,5.50245898073166
258,81.77,3008,726,56,807,232,4430,4008,2901.0,10.39298601690671,5.502458980731659
259,65.927,2984,756,173,783,439,4406,3985,2901.0,10.393986641372784,5.502458980731659
260,84.946,2875,912,287,674,553,4297,3875,2901.0,10.394987265838862,5.50245898073166
261,87.184,2898,901,309,697,575,4320,3898,2901.0,10.395987890304939,5.502458980731659
262,79.452,2850,526,286,728,700,4267,3851,2901.0,10.396988514771017,5.50245898073166
263,108.44,2699,479,239,879,844,4116,3699,2901.0,10.397989139237094,5.50245898073166
264,74.418,2955,332,236,1030,840,4372,3956,2901.0,10.398989763703172,5.502458980731659
265,98.408,3071,407,352,1146,956,4488,4071,2901.0,10.399990388169245,5.502458980731659
266,47.308,3071,407,352,1146,956,4488,4071,2901.0,10.400991012635323,5.50245898073166
267,48.367,2671,448,580,1498,1292,4008,3672,2901.0,10.4019916371014,5.502458980731659
268,78.115,2693,469,559,1520,1313,4024,3693,2901.0,10.402992261567476,5.50245898073166
269,90.879,2719,365,317,1561,1554,3783,3629,2901.0,10.403992886033553,5.502458980731659
270,68.724,2533,179,131,1699,1536,3597,3443,2901.0,10.404993510499631,5.502458980731659
271,107.921,2545,190,143,1714,1547,3608,3455,2901.0,10.405994134965708,5.50245898073166
272,64.449,2556,202,155,1753,1559,3620,3467,2901.0,10.406994759431782,5.502458980731659
273,31.166,2632,806,114,2051,1635,3513,3543,2901.0,10.408996008363937,5.50245898073166
274,65.587,2632,806,114,2051,1635,3513,3543,2901.0,10.409996632830017,5.50245898073166
275,98.091,2660,868,176,2114,1663,3540,3570,2901.0,10.410997257296094,5.502458980731661
276,45.829,2712,920,228,2165,1714,3592,3622,2901.0,10.411997881762169,5.50245898073166
277,88.142,2817,1170,0,2169,1811,3407,3488,2901.0,10.412998506228243,5.502458980731659
278,53.561,2714,1273,102,2066,1709,3304,3385,2901.0,10.413999130694323,5.502458980731661
279,96.773,2773,1297,126,2125,1767,3363,3444,2901.0,10.4149997551604,5.502458980731659
280,45.41,3104,1207,809,2234,2225,2818,2899,2901.0,10.417001004092553,5.502458980731659
281,74.018,3104,1207,809,2234,2225,2818,2899,2901.0,10.418001628558628,5.502458980731659
282,48.966,3125,1228,853,2255,2246,2839,2920,2901.0,10.419002253024704,5.50245898073166
283,65.188,4177,806,894,2302,1292,3107,3509,2901.0,10.430009122151551,5.50245898073166
284,44.531,4057,686,774,2182,1172,2987,3389,2901.0,10.431009746617628,5.502458980731659
285,108.58,4144,599,861,2095,1084,2900,3476,2901.0,10.432010371083704,5.502458980731659
286,16.741,4611,717,1017,2213,1203,3018,3943,2901.0,10.436012868948012,5.50245898073166
287,86.604,4448,1497,348,1944,1845,5000,5000,2901.0,10.377967927949362,5.501648780870531
288,76.176,4448,1497,348,1944,1845,5000,5000,2901.0,10.378968551574483,5.501648780870532
289,18.999,4193,1241,289,1689,1590,5000,5000,2901.0,10.379969175199603,5.501648780870533
290,86.804,4053,1102,497,1549,1450,5000,5000,2901.0,10.380969798824728,5.501648780870532
291,40.535,3885,934,569,1381,1282,5000,4885,2901.0,10.381970422449848,5.501648780870532
292,5.034,3892,941,577,1388,1289,5000,4892,2901.0,10.38297104607497,5.501648780870532
293,6.792,3551,600,711,1048,957,4984,4552,2901.0,10.38397166970009,5.501648780870533
294,49.146,3551,600,711,1048,949,4982,4552,2901.0,10.38497229332521,5.501648780870533
295,91.878,3253,382,312,749,322,4675,4253,2901.0,10.388974787825699,5.501648780870533
296,119.887,3131,504,190,628,201,4553,4132,2901.0,10.38997541145082,5.501648780870532
297,114.713,3146,609,87,642,98,4568,4147,2901.0,10.390976035075942,5.501648780870531
298,81.17,3083,700,5,583,5,4505,4083,2901.0,10.391976658701063,5.501648780870531
299,83.667,2923,831,48,722,217,4345,3923,2901.0,10.392977282326184,5.501648780870531
300,105.683,2893,840,57,692,324,4315,3894,2901.0,10.393977905951308,5.501648780870533
301,84.906,2802,881,214,601,480,4224,3803,2901.0,10.39497852957643,5.501648780870532
302,76.815,2709,746,277,508,480,4131,3709,2901.0,10.39597915320155,5.501648780870533
303,62.291,2641,537,297,937,901,4058,3641,2901.0,10.397980400451797,5.501648780870532
304,88.922,2731,591,388,1027,992,4148,3732,2901.0,10.398981024076917,5.501648780870533
305,87.164,2964,492,437,1231,1041,4382,3965,2901.0,10.399981647702036,5.501648780870532
306,48.746,2522,554,517,1349,1398,3864,3522,2901.0,10.401982894952281,5.501648780870533
307,89.461,2603,496,449,1430,1434,3914,3603,2901.0,10.402983518577402,5.501648780870531
308,66.486,2719,365,317,1561,1554,3783,3629,2901.0,10.403984142202523,5.501648780870531
309,98.506,2473,119,72,1639,1476,3537,3383,2901.0,10.404984765827646,5.501648780870532
310,75.796,2416,61,14,1612,1418,3479,3326,2901.0,10.405985389452768,5.501648780870533
311,73.738,2540,748,56,1993,1543,3420,3450,2901.0,10.409987883953256,5.501648780870533
312,67.925,2379,879,217,1938,1382,3260,3289,2901.0,10.410988507578377,5.501648780870533
313,87.643,2379,879,217,1938,1382,3260,3289,2901.0,10.411989131203496,5.501648780870532
314,52.462,2610,1228,206,1963,1605,3201,3281,2901.0,10.413990378453741,5.501648780870531
315,68.584,2960,1063,687,2089,2080,2674,2755,2901.0,10.416992249329105,5.501648780870532
316,103.625,2960,1063,687,2089,2080,2674,2755,2901.0,10.417992872954228,5.501648780870532
317,77.774,3125,1228,853,2255,2246,2839,2920,2901.0,10.41899349657935,5.501648780870532
318,70.562,3268,1148,655,2248,2349,2751,2840,2901.0,10.420994743829592,5.501648780870531
319,48.966,3322,1202,709,2302,2403,2805,2894,2901.0,10.423996614704958,5.501648780870532
320,74.538,3400,1280,787,2380,2481,2883,2972,2901.0,10.424997238330079,5.501648780870532
321,93.856,4144,599,861,2095,1084,2900,3476,2901.0,10.432001603705931,5.501648780870533
322,79.332,4318,424,996,1920,910,2725,3651,2901.0,10.433002227331054,5.501648780870532
323,77.394,4318,424,996,1920,910,2725,3651,2901.0,10.434002850956173,5.501648780870532
324,95.215,4448,1497,348,1944,1845,5000,5000,2901.0,10.37795920728798,5.500838581432033
325,59.834,4324,1335,489,1889,1790,5000,5000,2901.0,10.378959830072272,5.500838581432032
326,28.948,4031,1080,716,1528,1428,5000,5000,2901.0,10.382962321209442,5.500838581432032
327,1.698,3598,647,828,1095,1004,5000,4599,2901.0,10.383962943993735,5.500838581432032
328,84.047,3598,647,828,1095,1004,5000,4599,2901.0,10.384963566778028,5.500838581432032
329,86.564,3130,184,509,627,520,4553,4131,2901.0,10.387965435130905,5.500838581432032
330,111.836,3130,625,311,626,322,4552,4130,2901.0,10.3889660579152,5.500838581432033
331,84.906,3053,559,205,550,210,4475,4054,2901.0,10.389966680699487,5.500838581432032
332,96.733,2972,665,120,468,109,4394,3972,2901.0,10.39096730348378,5.500838581432032
333,102.487,3023,716,68,520,58,4446,4024,2901.0,10.391967926268075,5.500838581432032
334,104.125,2865,917,139,664,212,4287,3865,2901.0,10.392968549052366,5.500838581432032
335,101.648,2698,783,246,497,442,4120,3698,2901.0,10.39496979462095,5.500838581432032
336,59.974,2709,746,277,508,480,4131,3709,2901.0,10.395970417405243,5.500838581432032
337,89.681,2731,591,388,1027,992,4148,3732,2901.0,10.397971662973829,5.500838581432032
338,78.833,2818,634,474,1114,1078,4235,3818,2901.0,10.398972285758123,5.500838581432032
339,112.116,2843,614,499,1139,1103,4260,3843,2901.0,10.399972908542413,5.500838581432032
340,44.231,2503,595,518,1330,1585,3845,3503,2901.0,10.400973531326708,5.500838581432032
341,92.033,2461,553,477,1288,1543,3803,3461,2901.0,10.401974154110997,5.500838581432032
342,89.276,2419,512,435,1246,1501,3761,3419,2901.0,10.40297477689529,5.500838581432032
343,77.119,2408,95,142,1604,1410,3471,3318,2901.0,10.404976022463876,5.500838581432033
344,94.056,2344,10,57,1540,1346,3407,3254,2901.0,10.405976645248165,5.500838581432032
345,111.217,2485,195,242,1681,1487,3548,3395,2901.0,10.40697726803246,5.500838581432032
346,14.864,2485,195,242,1681,1487,3548,3395,2901.0,10.407977890816753,5.500838581432033
347,43.746,2518,691,0,1937,1521,3398,3428,2901.0,10.409979136385338,5.500838581432033
348,77.574,2379,879,217,1938,1382,3260,3289,2901.0,10.41097975916963,5.500838581432032
349,63.43,2417,916,255,1975,1420,3287,3327,2901.0,10.41198038195392,5.500838581432032
350,109.818,2532,1149,284,1884,1527,3122,3203,2901.0,10.413981627522507,5.500838581432032
351,65.527,2936,1039,664,2066,2057,2650,2731,2901.0,10.416983495875382,5.500838581432032
352,76.455,2936,1039,664,2066,2057,2650,2731,2901.0,10.417984118659675,5.500838581432032
353,108.16,2954,1057,682,2084,2075,2668,2749,2901.0,10.418984741443968,5.500838581432032
354,67.365,2954,1057,682,2084,2075,2668,2749,2901.0,10.41998536422826,5.500838581432033
355,57.017,3268,1148,655,2248,2349,2751,2840,2901.0,10.420985987012552,5.500838581432032
356,71.281,3268,1148,655,2248,2349,2751,2840,2901.0,10.421986609796845,5.500838581432032
357,67.066,3231,1112,618,2211,2312,2714,2803,2901.0,10.422987232581136,5.500838581432033
358,91.519,3300,1181,688,2281,2381,2783,2873,2901.0,10.42398785536543,5.500838581432032
359,90.32,3400,1280,787,2380,2481,2883,2972,2901.0,10.424988478149722,5.500838581432032
360,50.824,5000,1172,562,2042,1658,3402,3954,2901.0,10.438997197129815,5.500838581432032
361,72.02,5000,1192,542,2021,1678,3381,3934,2901.0,10.439997819914106,5.500838581432032
362,41.594,4288,1299,526,1922,1826,5000,5000,2901.0,10.378951109874995,5.500028382416096
363,18.759,4085,1097,690,1743,1644,5000,5000,2901.0,10.380952353762178,5.500028382416096
364,32.924,4000,1012,810,1647,1548,5000,5000,2901.0,10.381952975705763,5.500028382416096
365,57.476,4054,1065,809,1620,1521,5000,5000,2901.0,10.382953597649351,5.500028382416096
366,1.159,3575,587,943,1209,1118,5000,4637,2901.0,10.383954219592942,5.500028382416096
367,57.197,3575,587,943,1209,1118,5000,4637,2901.0,10.38495484153653,5.500028382416096
368,92.398,3299,0,694,796,705,4732,4300,2901.0,10.386956085423709,5.500028382416096
369,78.373,3131,177,517,627,528,4557,4131,2901.0,10.387956707367298,5.5000283824160965
370,76.036,3130,625,311,626,322,4552,4130,2901.0,10.388957329310887,5.500028382416096
371,84.806,2980,484,305,477,304,4402,3981,2901.0,10.389957951254473,5.500028382416095
372,65.088,2899,592,192,396,182,4321,3900,2901.0,10.390958573198063,5.500028382416096
373,98.231,2750,627,317,354,496,4172,3750,2901.0,10.391959195141652,5.5000283824160965
374,69.363,2797,862,207,596,280,4219,3797,2901.0,10.392959817085242,5.500028382416096
375,104.824,2624,831,191,423,470,4046,3624,2901.0,10.394961060972419,5.500028382416096
376,50.784,2637,818,204,436,470,4059,3637,2901.0,10.39596168291601,5.500028382416096
377,57.277,2407,772,532,716,1136,3824,3407,2901.0,10.396962304859596,5.500028382416096
378,86.404,2793,653,450,1089,1054,4210,3794,2901.0,10.398963548746776,5.500028382416096
379,85.805,2419,512,435,1246,1501,3761,3419,2901.0,10.401965414577543,5.500028382416096
380,86.692,2419,512,435,1246,1501,3761,3419,2901.0,10.40296603652113,5.5000283824160965
381,90.3,2408,95,142,1604,1410,3471,3318,2901.0,10.404967280408309,5.500028382416096
382,90.2,2254,100,147,1450,1256,3317,3164,2901.0,10.405967902351897,5.500028382416096
383,79.892,2365,315,363,1561,1367,3428,3275,2901.0,10.406968524295484,5.500028382416096
384,104.644,2365,315,363,1561,1367,3428,3275,2901.0,10.407969146239074,5.500028382416095
385,97.672,2349,522,169,1767,1351,3229,3259,2901.0,10.408969768182661,5.5000283824160965
386,29.741,2349,522,169,1767,1351,3229,3259,2901.0,10.409970390126253,5.500028382416096
387,80.591,2257,756,339,1816,1260,3137,3167,2901.0,10.410971012069838,5.500028382416096
388,130.775,2324,836,389,1882,1326,3153,3233,2901.0,10.41197163401343,5.500028382416096
389,69.763,2424,1084,392,1777,1419,3014,3095,2901.0,10.412972255957019,5.500028382416096
390,120.167,2424,1084,392,1777,1419,3014,3095,2901.0,10.413972877900605,5.500028382416096
391,89.221,2833,936,561,1963,1954,2547,2628,2901.0,10.416974743731371,5.500028382416095
392,99.39,2798,901,525,1928,1918,2512,2593,2901.0,10.41797536567496,5.500028382416096
393,79.912,2839,942,566,1969,1959,2553,2634,2901.0,10.418975987618552,5.500028382416096
394,88.502,2954,1057,682,2084,2075,2668,2749,2901.0,10.41997660956214,5.500028382416096
395,107.082,3148,1029,536,2129,2229,2631,2720,2901.0,10.420977231505729,5.500028382416096
396,73.878,3148,1029,536,2129,2229,2631,2720,2901.0,10.421977853449317,5.500028382416096
397,91.719,3231,1112,618,2211,2312,2714,2803,2901.0,10.422978475392906,5.500028382416096
398,100.469,3231,1112,618,2211,2312,2714,2803,2901.0,10.423979097336494,5.5000283824160965
399,54.32,3566,1276,283,2369,1762,2528,2899,2901.0,10.426980963167262,5.500028382416096
400,112.915,3566,1276,283,2369,1762,2528,2899,2901.0,10.42798158511085,5.500028382416096
401,36.699,5000,1213,521,2001,1699,3361,3913,2901.0,10.439989048433915,5.500028382416096
402,101.028,4230,1241,637,1932,1937,5000,5000,2901.0,10.377941769879632,5.499218183822658
403,21.656,4216,1228,644,1919,1924,5000,5000,2901.0,10.378942390982646,5.499218183822658
404,11.467,4158,1170,655,1861,1875,5000,5000,2901.0,10.379943012085658,5.4992181838226575
405,35.96,4085,1097,690,1743,1644,5000,5000,2901.0,10.380943633188666,5.499218183822658
406,25.372,3900,911,936,1602,1617,5000,4961,2901.0,10.381944254291678,5.499218183822658
407,68.205,3900,911,936,1602,1617,5000,4961,2901.0,10.382944875394688,5.499218183822658
408,83.707,3410,422,1091,1113,1127,4983,4472,2901.0,10.384946117600709,5.4992181838226575
409,75.836,3303,66,761,862,771,4798,4365,2901.0,10.385946738703723,5.499218183822658
410,80.111,3303,66,761,859,771,4784,4317,2901.0,10.386947359806733,5.499218183822658
411,112.855,3227,135,691,731,701,4660,4228,2901.0,10.387947980909743,5.499218183822657
412,67.505,2922,311,474,418,463,4354,3922,2901.0,10.388948602012755,5.499218183822658
413,92.917,2914,360,427,410,421,4341,3914,2901.0,10.389949223115764,5.4992181838226575
414,93.137,2743,464,349,240,338,4170,3743,2901.0,10.390949844218776,5.4992181838226575
415,78.433,2768,568,354,318,436,4190,3768,2901.0,10.39195046532179,5.499218183822658
416,91.659,2750,627,317,354,496,4172,3750,2901.0,10.3929510864248,5.499218183822658
417,89.441,2539,814,107,144,684,3962,3540,2901.0,10.393951707527812,5.499218183822658
418,75.197,2432,919,0,231,645,3854,3432,2901.0,10.394952328630822,5.499218183822658
419,45.25,2317,861,532,627,1185,3734,3317,2901.0,10.395952949733832,5.4992181838226575
420,87.42,2317,861,532,627,1185,3734,3317,2901.0,10.396953570836844,5.499218183822657
421,60.733,2249,1033,293,966,1502,3666,3249,2901.0,10.398954813042867,5.499218183822658
422,29.108,2125,909,169,904,1378,3542,3125,2901.0,10.399955434145877,5.499218183822658
423,80.731,2125,909,169,904,1378,3542,3125,2901.0,10.400956055248887,5.499218183822658
424,66.686,2261,444,294,1106,1468,3531,3262,2901.0,10.40295729745491,5.499218183822658
425,112.795,2261,444,294,1106,1468,3531,3262,2901.0,10.403957918557923,5.4992181838226575
426,91.918,2145,328,375,1222,1352,3415,3145,2901.0,10.404958539660932,5.499218183822658
427,89.521,2159,195,242,1408,1161,3222,3069,2901.0,10.405959160763945,5.4992181838226575
428,38.218,2101,252,299,1403,1104,3165,3011,2901.0,10.406959781866957,5.499218183822658
429,80.791,2365,315,363,1561,1367,3428,3275,2901.0,10.407960402969968,5.499218183822658
430,42.893,2349,522,169,1767,1351,3229,3259,2901.0,10.409961645175986,5.499218183822658
431,91.159,2197,696,344,1756,1200,3077,3107,2901.0,10.410962266278998,5.499218183822658
432,93.397,2244,851,499,1781,1246,3035,3116,2901.0,10.411962887382009,5.4992181838226575
433,84.846,2327,988,489,1680,1322,2918,2999,2901.0,10.412963508485024,5.499218183822658
434,107.102,2763,866,490,1893,1883,2477,2558,2901.0,10.416965992897065,5.4992181838226575
435,90.42,2722,825,449,1852,1842,2436,2517,2901.0,10.417966614000076,5.4992181838226575
436,93.277,2772,875,499,1902,1892,2486,2567,2901.0,10.41896723510309,5.4992181838226575
437,63.19,2974,855,362,1955,2055,2457,2547,2901.0,10.421969098412122,5.499218183822658
438,80.451,3566,1276,283,2369,1762,2528,2899,2901.0,10.426972203927178,5.499218183822658
439,102.567,3566,1247,283,2369,1733,2528,2899,2901.0,10.427972825030189,5.499218183822657
440,72.899,3557,1186,274,2359,1672,2518,2889,2901.0,10.428973446133202,5.499218183822658
441,31.146,4158,1170,655,1861,1875,5000,5000,2901.0,10.378933673395204,5.498407985651658
442,21.416,3944,956,837,1647,1661,5000,5000,2901.0,10.380934913920322,5.498407985651658
443,23.035,3854,866,936,1557,1571,5000,4916,2901.0,10.38193553418288,5.498407985651658
444,63.51,3900,911,936,1602,1617,5000,4961,2901.0,10.38293615444544,5.498407985651658
445,21.296,3530,541,1166,1232,1247,5000,4592,2901.0,10.383936774707998,5.4984079856516574
446,96.713,3410,422,1091,1113,1127,4983,4472,2901.0,10.384937394970558,5.498407985651658
447,116.591,3233,213,908,936,919,4806,4295,2901.0,10.385938015233117,5.498407985651658
448,107.441,3221,155,836,910,846,4794,4283,2901.0,10.386938635495678,5.498407985651658
449,115.352,3156,176,769,798,780,4706,4217,2901.0,10.387939255758235,5.498407985651658
450,90.7,3039,149,577,562,625,4481,4049,2901.0,10.388939876020796,5.498407985651658
451,106.043,3026,135,564,559,638,4467,4035,2901.0,10.389940496283357,5.498407985651659
452,107.261,2734,459,358,230,347,4166,3734,2901.0,10.390941116545912,5.498407985651658
453,60.353,2629,572,326,126,452,4054,3629,2901.0,10.391941736808471,5.498407985651659
454,83.428,2508,694,205,5,573,3935,3508,2901.0,10.392942357071034,5.498407985651658
455,68.643,2450,750,147,62,631,3882,3450,2901.0,10.393942977333591,5.498407985651658
456,100.089,2432,919,0,231,645,3854,3432,2901.0,10.394943597596148,5.498407985651658
457,75.277,2317,861,532,627,1185,3734,3317,2901.0,10.395944217858709,5.4984079856516574
458,82.788,2202,976,417,511,1069,3619,3202,2901.0,10.39694483812127,5.498407985651658
459,91.619,2249,1033,293,966,1502,3666,3249,2901.0,10.398946078646386,5.498407985651658
460,68.105,2229,1058,319,941,1482,3646,3229,2901.0,10.399946698908945,5.498407985651658
461,92.118,2125,909,169,904,1378,3542,3125,2901.0,10.400947319171506,5.498407985651659
462,85.525,2119,603,135,947,1326,3461,3120,2901.0,10.401947939434065,5.498407985651658
463,117.31,2150,573,165,977,1356,3492,3150,2901.0,10.402948559696624,5.498407985651658
464,77.235,2261,444,294,1106,1468,3531,3262,2901.0,10.403949179959184,5.498407985651659
465,84.407,2058,415,442,1189,1264,3378,3058,2901.0,10.404949800221742,5.498407985651659
466,102.287,2122,273,320,1382,1125,3186,3032,2901.0,10.4059504204843,5.498407985651658
467,58.475,2101,252,299,1403,1104,3165,3011,2901.0,10.406951040746863,5.498407985651659
468,83.847,1959,395,277,1517,961,3022,2869,2901.0,10.40795166100942,5.498407985651658
469,13.745,2050,821,468,1608,1052,2930,2960,2901.0,10.409952901534536,5.498407985651658
470,76.016,2055,826,474,1614,1058,2930,2966,2901.0,10.410953521797097,5.4984079856516574
471,116.691,2199,859,506,1758,1202,3028,3108,2901.0,10.411954142059656,5.498407985651659
472,102.746,2387,1063,583,1590,1232,2828,2909,2901.0,10.412954762322217,5.498407985651658
473,94.455,2408,1090,610,1567,1209,2805,2885,2901.0,10.413955382584774,5.4984079856516574
474,112.615,2608,711,336,1738,1729,2322,2403,2901.0,10.417957863635012,5.498407985651658
475,97.792,2732,835,460,1862,1853,2446,2527,2901.0,10.418958483897573,5.498407985651659
476,49.525,2927,818,222,1918,2018,2420,2509,2901.0,10.420959724422689,5.498407985651658
477,99.03,2974,855,362,1955,2055,2457,2547,2901.0,10.421960344685248,5.498407985651658
478,69.483,2974,855,362,1955,2055,2457,2547,2901.0,10.422960964947809,5.498407985651658
479,71.641,3462,1280,179,2265,1766,2424,2795,2901.0,10.427964066260603,5.498407985651658
480,27.969,4438,0,572,1496,485,2301,3290,2901.0,10.432967167573398,5.498407985651658
481,7.332,4438,0,572,1496,485,2301,3290,2901.0,10.433967787835961,5.498407985651658
482,9.15,5000,1206,975,2013,2050,3374,3805,2901.0,10.44597523098667,5.498407985651658
483,14.424,3756,767,1020,1458,1473,5000,4817,2901.0,10.381926815379362,5.497597787903034
484,9.25,3490,502,1171,1193,1207,5000,4552,2901.0,10.383928054223832,5.497597787903035
485,116.931,3395,406,1076,1097,1112,4968,4457,2901.0,10.384928673646064,5.497597787903033
486,112.396,3264,275,944,966,981,4836,4325,2901.0,10.385929293068298,5.497597787903035
487,97.532,3149,161,829,851,936,4721,4211,2901.0,10.38692991249053,5.497597787903034
488,93.337,3072,84,753,775,859,4645,4134,2901.0,10.387930531912762,5.497597787903034
489,97.252,2978,28,640,661,746,4532,4039,2901.0,10.388931151334997,5.497597787903035
490,93.417,2894,263,431,426,543,4334,3902,2901.0,10.389931770757233,5.497597787903035
491,71.341,2894,263,431,426,543,4334,3902,2901.0,10.390932390179463,5.497597787903034
492,93.836,2503,690,200,0,578,3935,3504,2901.0,10.392933629023926,5.497597787903034
493,110.018,2415,778,112,88,666,3847,3415,2901.0,10.393934248446161,5.497597787903033
494,84.147,2350,851,81,162,727,3777,3351,2901.0,10.394934867868395,5.497597787903034
495,56.517,2153,986,255,456,1034,3585,3153,2901.0,10.395935487290629,5.497597787903035
496,55.239,2202,976,417,511,1069,3619,3202,2901.0,10.39693610671286,5.497597787903034
497,78.293,2127,1042,303,834,1380,3544,3128,2901.0,10.398937345557329,5.497597787903035
498,70.682,2095,1010,270,837,1348,3512,3095,2901.0,10.399937964979559,5.497597787903034
499,82.868,2032,739,0,811,1279,3414,3033,2901.0,10.400938584401795,5.497597787903034
500,96.054,2034,721,18,829,1261,3396,3034,2901.0,10.401939203824027,5.497597787903034
501,90.7,1923,800,184,996,1129,3265,2923,2901.0,10.402939823246259,5.497597787903033
502,89.161,2000,473,384,1131,1206,3342,3000,2901.0,10.40394044266849,5.497597787903034
503,69.144,2000,473,384,1131,1206,3342,3000,2901.0,10.404941062090725,5.497597787903033
504,90.552,1962,391,281,1521,965,3026,2872,2901.0,10.406942300935192,5.497597787903034
505,59.24,1959,395,277,1517,961,3022,2869,2901.0,10.407942920357426,5.497597787903034
506,79.752,1886,663,304,1444,888,2949,2796,2901.0,10.408943539779658,5.497597787903035
507,60.833,1886,663,304,1444,888,2949,2796,2901.0,10.40994415920189,5.497597787903034
508,77.215,2050,821,468,1608,1052,2930,2960,2901.0,10.410944778624124,5.497597787903034
509,69.203,2248,1018,666,1494,1136,2732,2813,2901.0,10.411945398046358,5.497597787903033
510,113.574,2284,1070,717,1443,1085,2681,2761,2901.0,10.412946017468588,5.497597787903034
511,94.995,2488,591,216,1618,1609,2202,2283,2901.0,10.417949114579756,5.497597787903034
512,96.034,2643,746,370,1772,1763,2357,2437,2901.0,10.418949734001988,5.497597787903034
513,91.679,2704,807,0,1834,1825,2418,2499,2901.0,10.419950353424221,5.497597787903034
514,118.888,2896,787,192,1887,1988,2390,2479,2901.0,10.420950972846455,5.497597787903034
515,70.302,2863,744,250,1843,1944,2346,2435,2901.0,10.42195159226869,5.497597787903035
516,49.905,3048,929,436,2029,2129,2453,2621,2901.0,10.42295221169092,5.497597787903034
517,41.514,3048,929,436,2029,2129,2453,2621,2901.0,10.423952831113153,5.497597787903034
518,75.716,3174,1055,346,2154,2183,2328,2698,2901.0,10.424953450535387,5.497597787903034
519,99.49,3283,1146,0,2085,1946,2244,2615,2901.0,10.426954689379851,5.497597787903035
520,4.375,4438,0,572,1496,485,2301,3290,2901.0,10.43295840591325,5.497597787903034
521,57.916,4438,0,572,1496,485,2301,3290,2901.0,10.433959025335483,5.497597787903034
522,45.09,4939,1633,184,1795,1831,3155,3707,2901.0,10.439962741868882,5.497597787903034
523,69.263,5000,1206,975,2013,2050,3374,3805,2901.0,10.44596645840228,5.497597787903034
524,55.459,4403,1414,981,2105,2120,5000,5000,2901.0,10.37791562355299,5.496787590576721
525,0.0,3797,809,1180,1500,1514,5000,4859,2901.0,10.381918097881119,5.49678759057672
526,1.698,3514,526,1195,1217,1231,5000,4576,2901.0,10.383919335045185,5.496787590576719
527,89.721,3466,478,1147,1169,1183,4997,4528,2901.0,10.384919953627216,5.49678759057672
528,114.014,3263,275,944,966,1050,4836,4325,2901.0,10.385920572209253,5.496787590576721
529,94.935,3263,275,944,966,1050,4836,4325,2901.0,10.386921190791282,5.49678759057672
530,67.086,3107,119,787,809,894,4679,4169,2901.0,10.387921809373315,5.49678759057672
531,84.726,2944,43,624,646,730,4516,4005,2901.0,10.38892242795535,5.49678759057672
532,112.855,2829,197,481,492,609,4379,3890,2901.0,10.389923046537382,5.496787590576719
533,136.409,2894,263,431,426,543,4334,3902,2901.0,10.390923665119415,5.49678759057672
534,70.502,2684,468,220,270,755,4123,3691,2901.0,10.39192428370145,5.496787590576721
535,64.209,2471,668,0,263,841,3903,3471,2901.0,10.39292490228348,5.496787590576721
536,98.211,2439,699,0,232,810,3872,3440,2901.0,10.393925520865512,5.49678759057672
537,70.562,2333,867,80,336,915,3789,3358,2901.0,10.394926139447547,5.49678759057672
538,79.672,2153,986,255,456,1034,3585,3153,2901.0,10.39592675802958,5.496787590576721
539,62.671,2103,1047,316,411,979,3530,3104,2901.0,10.396927376611611,5.49678759057672
540,87.144,1921,1126,187,590,1161,3338,2921,2901.0,10.397927995193646,5.49678759057672
541,88.542,2061,975,236,740,1312,3478,3061,2901.0,10.398928613775677,5.496787590576719
542,66.926,2028,943,203,757,1280,3445,3028,2901.0,10.399929232357708,5.49678759057672
543,48.366,1928,877,138,707,1181,3345,2929,2901.0,10.400929850939743,5.49678759057672
544,65.767,1933,805,138,950,1140,3275,2934,2901.0,10.401930469521774,5.496787590576719
545,84.906,1868,745,222,970,1074,3210,2868,2901.0,10.402931088103806,5.49678759057672
546,92.498,1844,628,319,976,1051,3187,2845,2901.0,10.40393170668584,5.496787590576721
547,59.974,1891,581,363,1023,1098,3233,2892,2901.0,10.404932325267874,5.49678759057672
548,96.993,1774,579,93,1333,777,2838,2684,2901.0,10.406933562431938,5.49678759057672
549,54.002,1798,575,217,1357,801,2862,2709,2901.0,10.407934181013971,5.496787590576719
550,80.181,1808,585,226,1366,810,2871,2718,2901.0,10.408934799596004,5.49678759057672
551,106.023,1956,734,375,1515,959,3020,2867,2901.0,10.409935418178037,5.49678759057672
552,115.492,2101,878,519,1659,1104,2968,3011,2901.0,10.41093603676007,5.496787590576719
553,78.693,2103,889,898,1262,904,2500,2581,2901.0,10.413937892506171,5.496787590576719
554,91.199,2488,591,216,1618,1609,2202,2283,2901.0,10.4179403668343,5.496787590576721
555,38.797,2704,807,0,1834,1825,2418,2499,2901.0,10.419941603998366,5.496787590576721
556,80.591,2866,757,161,1857,1957,2359,2448,2901.0,10.420942222580397,5.49678759057672
557,49.026,2825,706,213,1806,1906,2308,2397,2901.0,10.421942841162432,5.49678759057672
558,21.856,3048,929,436,2029,2129,2453,2621,2901.0,10.422943459744463,5.496787590576719
559,23.035,3048,929,436,2029,2129,2453,2621,2901.0,10.423944078326496,5.49678759057672
560,106.322,3156,1037,255,2079,2093,2238,2608,2901.0,10.424944696908529,5.49678759057672
561,88.202,3152,1024,145,2015,2030,2174,2544,2901.0,10.425945315490562,5.496787590576719
562,90.76,3283,1146,0,2085,1946,2244,2615,2901.0,10.426945934072593,5.49678759057672
563,10.209,4263,242,390,1321,242,2126,3115,2901.0,10.431949026982759,5.496787590576721
564,19.538,4275,215,401,1332,270,2137,3127,2901.0,10.43294964556479,5.49678759057672
565,27.15,4288,150,421,1345,356,2150,3139,2901.0,10.433950264146823,5.49678759057672
566,65.368,4816,1581,133,1672,1708,3032,3585,2901.0,10.437952738474957,5.49678759057672
567,89.801,4754,1519,0,1610,1647,2970,3523,2901.0,10.438953357056988,5.49678759057672
568,101.807,4851,1545,97,1707,1744,3068,3620,2901.0,10.439953975639021,5.496787590576719
569,84.287,4623,1260,0,1479,1515,2839,3392,2901.0,10.441955212803085,5.49678759057672
570,59.514,4623,1260,0,1479,1515,2839,3392,2901.0,10.442955831385119,5.496787590576721
571,47.707,4403,1414,981,2105,2120,5000,5000,2901.0,10.376906292978344,5.495977393672653
572,26.151,4403,1414,981,2105,2120,5000,5000,2901.0,10.3779069107203,5.4959773936726535
573,0.02,3846,857,1181,1548,1563,5000,4907,2901.0,10.380908763946177,5.495977393672653
574,0.0,3822,833,1180,1524,1538,5000,4883,2901.0,10.381909381688136,5.4959773936726535
575,0.0,3731,742,1246,1433,1448,5000,4793,2901.0,10.382909999430096,5.495977393672652
576,0.0,3511,522,1192,1213,1228,5000,4573,2901.0,10.383910617172052,5.4959773936726535
577,41.614,3486,498,1167,1189,1270,5000,4548,2901.0,10.384911234914012,5.495977393672653
578,74.737,3337,349,1017,1039,1123,4909,4398,2901.0,10.385911852655969,5.495977393672654
579,81.07,3277,330,957,979,1096,4849,4339,2901.0,10.386912470397926,5.4959773936726535
580,61.892,3105,239,786,807,924,4678,4167,2901.0,10.387913088139886,5.495977393672652
581,96.933,2956,325,637,659,776,4529,4018,2901.0,10.388913705881844,5.4959773936726535
582,95.814,2898,267,578,600,717,4470,3959,2901.0,10.389914323623799,5.495977393672653
583,89.461,2647,341,327,397,791,4219,3708,2901.0,10.390914941365759,5.495977393672652
584,96.293,2640,424,264,314,799,4167,3691,2901.0,10.39191555910772,5.495977393672653
585,63.21,2620,519,149,340,825,4052,3620,2901.0,10.392916176849676,5.495977393672653
586,64.768,2350,910,67,380,959,3831,3399,2901.0,10.393916794591636,5.495977393672653
587,88.902,2312,948,30,418,996,3846,3374,2901.0,10.394917412333594,5.4959773936726535
588,68.504,2242,1061,218,521,1109,3713,3276,2901.0,10.395918030075553,5.4959773936726535
589,66.287,1979,1163,305,486,1269,3454,3022,2901.0,10.39691864781751,5.4959773936726535
590,88.462,1921,1131,192,588,1162,3343,2921,2901.0,10.39791926555947,5.4959773936726535
591,95.055,1832,1141,98,501,1085,3249,2832,2901.0,10.398919883301426,5.4959773936726535
592,71.381,2061,975,236,740,1312,3478,3061,2901.0,10.399920501043386,5.4959773936726535
593,39.237,1951,935,196,730,1204,3369,2952,2901.0,10.400921118785343,5.495977393672653
594,11.487,1951,935,196,730,1204,3369,2952,2901.0,10.4019217365273,5.4959773936726535
595,70.762,1813,690,259,944,1019,3155,2813,2901.0,10.402922354269258,5.495977393672653
596,60.813,1813,690,259,944,1019,3155,2813,2901.0,10.403922972011218,5.495977393672654
597,78.573,1936,568,254,1494,938,2999,2846,2901.0,10.405924207495135,5.495977393672652
598,85.545,1774,579,93,1333,777,2838,2684,2901.0,10.406924825237093,5.4959773936726535
599,77.141,1656,681,24,1214,659,2720,2566,2901.0,10.40792544297905,5.4959773936726535
600,74.018,1783,893,534,1206,584,2634,2491,2901.0,10.409926678462968,5.495977393672653
601,101.228,2101,878,519,1659,1104,2968,3011,2901.0,10.410927296204925,5.4959773936726535
602,78.193,2103,889,898,1262,904,2500,2581,2901.0,10.412928531688841,5.4959773936726535
603,108.4,2085,871,909,1244,886,2482,2563,2901.0,10.4139291494308,5.4959773936726535
604,113.474,2224,456,527,1354,1265,2067,2148,2901.0,10.416931002656673,5.495977393672653
605,69.303,2224,456,527,1354,1265,2067,2148,2901.0,10.417931620398631,5.495977393672653
606,77.654,2598,550,489,1650,1751,2161,2242,2901.0,10.419932855882552,5.4959773936726535
607,65.168,2598,550,489,1650,1751,2161,2242,2901.0,10.420933473624508,5.4959773936726535
608,88.083,2664,544,374,1644,1745,2147,2236,2901.0,10.421934091366468,5.495977393672652
609,76.695,2769,649,513,1749,1850,2012,2309,2901.0,10.422934709108423,5.4959773936726535
610,57.377,2837,718,445,1817,1918,2080,2378,2901.0,10.423935326850383,5.495977393672652
611,102.666,3003,884,279,1946,1960,2105,2475,2901.0,10.424935944592342,5.4959773936726535
612,64.529,3112,975,170,1915,1930,2074,2444,2901.0,10.425936562334298,5.4959773936726535
613,64.748,3335,1198,221,2138,2153,2297,2667,2901.0,10.426937180076258,5.495977393672653
614,95.414,3378,1241,264,2181,2196,2340,2710,2901.0,10.427937797818217,5.4959773936726535
615,38.118,4101,485,217,1239,0,1964,2953,2901.0,10.43093965104409,5.4959773936726535
616,82.209,4187,319,313,1244,165,2049,3038,2901.0,10.43194026878605,5.4959773936726535
617,107.401,4187,319,313,1244,165,2049,3038,2901.0,10.432940886528009,5.4959773936726535
618,111.597,4206,232,340,1264,312,2069,3058,2901.0,10.433941504269965,5.4959773936726535
619,56.298,4354,379,487,1411,460,2216,3205,2901.0,10.434942122011922,5.495977393672653
620,96.813,4780,1545,169,1636,1672,2996,3549,2901.0,10.43694335749584,5.495977393672652
621,87.803,4780,1545,169,1636,1672,2996,3549,2901.0,10.437943975237799,5.4959773936726535
622,73.059,4677,1442,77,1533,1569,2893,3446,2901.0,10.438944592979757,5.4959773936726535
623,85.386,4623,1260,0,1479,1515,2839,3392,2901.0,10.441946446205632,5.4959773936726535
624,62.97,4623,1260,0,1479,1515,2839,3392,2901.0,10.442947063947589,5.495977393672653
625,69.343,4200,1212,1184,1903,1917,5000,5000,2901.0,10.378898816094372,5.4951671971907725
626,78.293,4039,1051,1214,1742,1756,5000,5000,2901.0,10.379899432996384,5.4951671971907725
627,41.654,3926,937,1101,1628,1643,5000,4987,2901.0,10.380900049898392,5.495167197190772
628,0.0,3846,857,1181,1548,1563,5000,4907,2901.0,10.381900666800401,5.495167197190772
629,58.475,3521,533,1201,1223,1308,5000,4583,2901.0,10.38490251750643,5.4951671971907725
630,100.569,3277,330,957,979,1096,4849,4339,2901.0,10.385903134408442,5.4951671971907725
631,80.351,3344,397,1024,1046,1163,4916,4406,2901.0,10.38690375131045,5.495167197190773
632,85.625,2953,322,633,655,772,4525,4015,2901.0,10.38890498511447,5.4951671971907725
633,79.312,2914,421,595,665,871,4487,3976,2901.0,10.38990560201648,5.4951671971907725
634,92.977,2690,384,370,441,834,4262,3752,2901.0,10.390906218918486,5.4951671971907725
635,62.151,2560,427,241,394,878,4133,3622,2901.0,10.391906835820498,5.4951671971907725
636,45.39,2434,553,232,495,1000,4007,3496,2901.0,10.392907452722508,5.4951671971907725
637,84.586,2248,740,259,534,1112,3820,3309,2901.0,10.393908069624517,5.4951671971907725
638,65.368,2282,978,0,448,1026,3854,3343,2901.0,10.394908686526529,5.4951671971907725
639,84.926,2007,1036,361,412,1345,3559,3068,2901.0,10.395909303428537,5.4951671971907725
640,92.877,1979,1116,352,441,1316,3487,3022,2901.0,10.396909920330543,5.495167197190772
641,71.321,1879,1164,319,385,1267,3431,2940,2901.0,10.397910537232555,5.4951671971907725
642,108.06,1725,1051,10,392,993,3157,2725,2901.0,10.398911154134566,5.495167197190772
643,87.963,1710,1019,135,464,963,3128,2711,2901.0,10.399911771036574,5.4951671971907725
644,72.899,1713,1019,204,533,965,3130,2713,2901.0,10.400912387938586,5.4951671971907725
645,60.573,1701,930,405,638,908,3043,2701,2901.0,10.401913004840596,5.4951671971907725
646,81.33,1667,806,405,799,874,3009,2667,2901.0,10.402913621742602,5.495167197190772
647,70.642,1667,806,405,799,874,3009,2667,2901.0,10.403914238644614,5.4951671971907725
648,70.942,1626,712,294,969,656,2717,2563,2901.0,10.404914855546624,5.4951671971907725
649,67.106,1768,668,192,1265,776,2838,2684,2901.0,10.405915472448633,5.4951671971907725
650,99.83,1716,784,111,1152,731,2792,2638,2901.0,10.406916089350643,5.4951671971907725
651,100.489,1557,616,124,1115,560,2621,2467,2901.0,10.407916706252651,5.495167197190772
652,72.42,1642,701,320,1201,645,2706,2553,2901.0,10.40891732315466,5.495167197190772
653,81.45,1748,859,500,1171,549,2599,2457,2901.0,10.40991794005667,5.4951671971907725
654,82.369,1783,893,534,1206,584,2634,2491,2901.0,10.410918556958679,5.495167197190772
655,93.177,1858,969,712,1017,660,2429,2462,2901.0,10.411919173860689,5.495167197190772
656,82.189,1943,978,796,1101,744,2513,2546,2901.0,10.4129197907627,5.4951671971907725
657,100.928,2034,934,888,1193,835,2545,2625,2901.0,10.413920407664712,5.4951671971907725
658,86.205,2224,456,527,1354,1265,2067,2148,2901.0,10.416922258370738,5.4951671971907725
659,77.634,2249,352,423,1379,1369,1963,2044,2901.0,10.417922875272748,5.495167197190772
660,93.676,2249,352,423,1379,1369,1963,2044,2901.0,10.418923492174756,5.4951671971907725
661,80.811,2598,550,489,1650,1751,2161,2242,2901.0,10.419924109076765,5.495167197190772
662,84.187,2598,550,489,1650,1751,2161,2242,2901.0,10.420924725978775,5.495167197190772
663,85.945,2629,509,409,1609,1710,2112,2201,2901.0,10.421925342880787,5.4951671971907725
664,107.221,2643,523,594,1623,1724,2126,2215,2901.0,10.422925959782797,5.4951671971907725
665,85.965,2769,649,513,1749,1850,2012,2309,2901.0,10.423926576684805,5.4951671971907725
666,79.152,2985,830,316,1769,1784,1928,2299,2901.0,10.424927193586816,5.4951671971907725
667,70.102,3067,912,233,1852,1866,2011,2381,2901.0,10.425927810488826,5.495167197190773
668,83.088,3335,1198,221,2138,2153,2297,2667,2901.0,10.426928427390832,5.495167197190772
669,100.888,3335,1198,221,2138,2153,2297,2667,2901.0,10.427929044292844,5.4951671971907725
670,61.292,4101,485,217,1239,0,1964,2953,2901.0,10.430930894998871,5.4951671971907725
671,93.656,4034,451,150,1171,67,1896,2885,2901.0,10.431931511900885,5.495167197190773
672,60.273,4132,368,262,1189,198,1994,2984,2901.0,10.432932128802891,5.4951671971907725
673,84.087,4132,306,265,1189,238,1994,2984,2901.0,10.433932745704903,5.4951671971907725
674,66.786,4354,379,487,1411,460,2216,3205,2901.0,10.434933362606913,5.495167197190773
675,116.151,4710,1475,239,1566,1603,2927,3479,2901.0,10.43793521331294,5.4951671971907725
676,92.797,4547,1312,228,1403,1440,2764,3316,2901.0,10.438935830214946,5.4951671971907725
677,117.39,4542,1307,223,1398,1434,2758,3311,2901.0,10.439936447116956,5.495167197190772
678,117.75,4425,1062,197,1281,1317,2641,3194,2901.0,10.441937680920978,5.4951671971907725
679,47.587,4242,1253,1283,1944,1959,5000,5000,2901.0,10.377889488969164,5.494357001131014
680,76.136,4207,1218,1248,1909,1923,5000,5000,2901.0,10.378890105031351,5.494357001131014
681,45.57,4039,1051,1214,1742,1756,5000,5000,2901.0,10.379890721093536,5.494357001131014
682,51.103,3884,1076,1275,1767,1817,5000,5000,2901.0,10.380891337155726,5.494357001131014
683,2.078,3884,1076,1275,1767,1817,5000,5000,2901.0,10.381891953217911,5.494357001131014
684,0.2,3446,639,1307,1329,1413,5000,4568,2901.0,10.383893185342286,5.494357001131014
685,13.899,3521,533,1201,1223,1308,5000,4583,2901.0,10.384893801404472,5.494357001131014
686,101.328,2879,456,560,630,906,4452,3941,2901.0,10.389896881715403,5.494357001131015
687,101.727,2708,650,498,664,1100,4293,3782,2901.0,10.39089749777759,5.494357001131014
688,73.778,2593,788,493,754,1238,4191,3680,2901.0,10.391898113839778,5.494357001131014
689,101.867,2466,559,264,526,1009,4039,3528,2901.0,10.392898729901964,5.494357001131014
690,98.771,2233,754,272,528,1126,3806,3295,2901.0,10.393899345964149,5.494357001131014
691,83.727,2137,851,203,438,1197,3709,3198,2901.0,10.394899962026338,5.494357001131014
692,75.536,2037,963,287,339,1293,3599,3098,2901.0,10.395900578088524,5.494357001131014
693,106.083,1953,1090,393,459,1341,3505,3014,2901.0,10.396901194150711,5.494357001131014
694,48.926,1728,1068,168,234,1116,3280,2789,2901.0,10.397901810212897,5.494357001131014
695,74.777,1780,1114,94,309,1076,3241,2809,2901.0,10.398902426275086,5.494357001131014
696,91.279,1585,904,148,324,845,3010,2585,2901.0,10.39990304233727,5.494357001131014
697,81.55,1562,871,283,481,815,2979,2563,2901.0,10.400903658399459,5.494357001131014
698,101.947,1615,924,301,534,868,3032,2616,2901.0,10.401904274461646,5.494357001131014
699,79.272,1701,930,405,638,908,3043,2701,2901.0,10.402904890523832,5.494357001131014
700,82.149,1616,819,454,803,780,2878,2616,2901.0,10.40390550658602,5.494357001131014
701,97.652,1636,721,304,959,665,2726,2573,2901.0,10.404906122648207,5.494357001131015
702,107.681,1626,712,294,969,656,2717,2563,2901.0,10.405906738710392,5.494357001131014
703,93.297,1579,650,247,1119,594,2655,2501,2901.0,10.406907354772578,5.494357001131014
704,104.484,1491,549,190,1049,493,2554,2401,2901.0,10.407907970834767,5.494357001131014
705,60.373,1642,701,320,1201,645,2706,2553,2901.0,10.408908586896953,5.494357001131014
706,62.144,1601,711,578,1024,402,2463,2309,2901.0,10.409909202959138,5.494357001131014
707,112.016,1714,824,465,1137,515,2565,2422,2901.0,10.410909819021324,5.494357001131015
708,115.233,1803,914,657,962,604,2373,2407,2901.0,10.41191043508351,5.494357001131014
709,110.618,1933,1044,772,1063,735,2474,2507,2901.0,10.412911051145699,5.494357001131015
710,99.13,2115,457,528,1245,1189,2068,2149,2901.0,10.416913515394446,5.494357001131014
711,99.05,2161,411,482,1290,1235,2022,2103,2901.0,10.41791413145663,5.494357001131014
712,94.595,2159,243,314,1289,1400,1854,1935,2901.0,10.418914747518818,5.494357001131014
713,88.842,2321,273,344,1373,1474,1884,1965,2901.0,10.419915363581007,5.494357001131015
714,109.878,2436,388,458,1487,1588,1999,2079,2901.0,10.420915979643194,5.494357001131014
715,91.758,2510,391,462,1491,1591,1959,2069,2901.0,10.421916595705378,5.494357001131015
716,108.76,2735,528,599,1623,1717,1861,2159,2901.0,10.422917211767567,5.494357001131014
717,64.049,2735,528,599,1623,1717,1861,2159,2901.0,10.423917827829753,5.494357001131015
718,74.597,2866,710,435,1650,1677,1821,2179,2901.0,10.424918443891938,5.494357001131014
719,69.104,2985,830,316,1769,1784,1928,2299,2901.0,10.425919059954124,5.494357001131014
720,67.246,3157,1001,489,1614,1610,1754,2337,2901.0,10.426919676016311,5.494357001131014
721,47.088,3709,587,0,1200,397,1773,2560,2901.0,10.429921524202873,5.494357001131014
722,67.625,3709,587,0,1200,397,1773,2560,2901.0,10.430922140265059,5.494357001131015
723,74.218,3963,362,97,1021,266,1826,2815,2901.0,10.431922756327246,5.494357001131014
724,65.927,4070,368,204,1128,300,1933,2922,2901.0,10.432923372389434,5.494357001131014
725,97.093,4095,494,229,1102,429,1916,2947,2901.0,10.433923988451621,5.494357001131014
726,90.7,4547,1312,228,1403,1440,2764,3316,2901.0,10.43892706876255,5.494357001131014
727,100.669,4466,1312,288,1322,1358,2682,3234,2901.0,10.439927684824738,5.494357001131014
728,90.12,4297,1144,325,1153,1190,2514,3066,2901.0,10.440928300886926,5.494357001131014
729,85.765,4414,1051,209,1270,1306,2630,3182,2901.0,10.441928916949111,5.494357001131014
730,58.635,4568,874,386,1424,1460,2784,3337,2901.0,10.442929533011297,5.494357001131014
731,81.73,4643,799,461,1499,1536,2859,3351,2901.0,10.443930149073486,5.494357001131014
732,57.836,4696,745,515,1552,1589,2913,3344,2901.0,10.444930765135672,5.494357001131015
733,48.327,4242,1253,1283,1944,1959,5000,5000,2901.0,10.377880780050692,5.493546805493317
734,69.603,4120,1313,1452,2003,2053,5000,5000,2901.0,10.378881395273181,5.493546805493316
735,58.635,4006,1199,1397,1889,1939,5000,5000,2901.0,10.379882010495672,5.493546805493316
736,109.559,3884,1076,1275,1767,1817,5000,5000,2901.0,10.380882625718161,5.493546805493315
737,65.408,3884,1076,1275,1767,1817,5000,5000,2901.0,10.381883240940653,5.493546805493317
738,47.907,3554,746,1415,1437,1521,5000,4675,2901.0,10.383884471385631,5.493546805493315
739,50.815,3446,639,1307,1329,1413,5000,4568,2901.0,10.38488508660812,5.493546805493317
740,40.961,3266,647,1274,1296,1413,4899,4388,2901.0,10.38588570183061,5.493546805493316
741,72.339,3159,665,1292,1314,1431,4792,4281,2901.0,10.386886317053099,5.493546805493317
742,91.858,3213,707,1334,1356,1473,4845,4334,2901.0,10.387886932275588,5.493546805493314
743,81.05,3213,707,1334,1356,1473,4845,4334,2901.0,10.38888754749808,5.493546805493316
744,99.13,2640,835,540,802,1286,4238,3728,2901.0,10.390888777943056,5.493546805493316
745,71.721,2506,719,424,685,1169,4104,3593,2901.0,10.391889393165547,5.493546805493316
746,83.268,2402,744,449,710,1194,4001,3490,2901.0,10.392890008388036,5.493546805493315
747,89.441,2240,931,464,542,1382,3813,3302,2901.0,10.393890623610526,5.493546805493317
748,97.372,2157,873,381,458,1342,3729,3218,2901.0,10.394891238833017,5.493546805493316
749,96.353,1928,853,353,230,1336,3500,2990,2901.0,10.395891854055506,5.493546805493316
750,51.452,1853,817,406,155,1261,3426,2915,2901.0,10.396892469277994,5.493546805493316
751,64.025,1773,1010,226,177,1171,3335,2834,2901.0,10.397893084500486,5.493546805493316
752,70.095,1604,1048,272,167,992,3157,2666,2901.0,10.398893699722976,5.493546805493317
753,87.124,1539,953,206,265,894,3058,2601,2901.0,10.399894314945463,5.493546805493316
754,74.737,1489,808,244,411,750,2914,2490,2901.0,10.400894930167954,5.493546805493316
755,94.595,1564,873,281,483,817,2981,2564,2901.0,10.401895545390442,5.493546805493317
756,94.615,1460,691,410,657,669,2877,2461,2901.0,10.402896160612933,5.493546805493316
757,63.39,1515,745,524,764,692,2843,2516,2901.0,10.403896775835422,5.493546805493316
758,85.445,1555,641,385,962,585,2646,2492,2901.0,10.404897391057911,5.493546805493316
759,91.559,1461,546,366,1020,490,2551,2398,2901.0,10.405898006280403,5.493546805493316
760,85.965,1399,458,281,958,402,2463,2309,2901.0,10.406898621502892,5.493546805493317
761,97.073,1399,458,281,958,402,2463,2309,2901.0,10.40789923672538,5.493546805493316
762,83.747,1591,702,629,1015,392,2453,2300,2901.0,10.40889985194787,5.493546805493317
763,80.711,1587,698,592,1011,389,2450,2296,2901.0,10.409900467170361,5.493546805493317
764,75.876,1745,879,584,875,569,2287,2320,2901.0,10.410901082392847,5.493546805493316
765,93.217,1745,879,584,875,569,2287,2320,2901.0,10.411901697615338,5.493546805493316
766,73.119,1941,630,623,1071,1016,2066,2146,2901.0,10.415904158505297,5.493546805493316
767,74.997,1941,630,623,1071,1016,2066,2146,2901.0,10.416904773727786,5.493546805493316
768,109.579,2094,308,379,1224,1335,1919,2000,2901.0,10.417905388950276,5.493546805493317
769,87.363,2247,128,199,1228,1328,1739,1819,2901.0,10.418906004172767,5.493546805493317
770,99.889,2321,273,344,1373,1474,1884,1965,2901.0,10.419906619395254,5.493546805493316
771,91.099,2358,239,310,1339,1439,1850,1931,2901.0,10.420907234617744,5.493546805493317
772,48.127,2541,334,405,1429,1622,1816,1965,2901.0,10.421907849840236,5.493546805493317
773,40.036,2541,334,405,1429,1622,1816,1965,2901.0,10.422908465062722,5.493546805493315
774,76.216,2795,640,506,1579,1606,1750,2109,2901.0,10.423909080285213,5.493546805493316
775,114.314,2855,699,446,1639,1666,1810,2168,2901.0,10.424909695507708,5.493546805493316
776,89.421,3060,905,519,1517,1513,1658,2240,2901.0,10.425910310730194,5.493546805493315
777,81.31,3157,1001,489,1614,1610,1754,2337,2901.0,10.426910925952685,5.493546805493317
778,53.461,3709,587,0,1200,397,1773,2560,2901.0,10.42991277162015,5.493546805493316
779,87.024,3709,587,0,1200,397,1773,2560,2901.0,10.430913386842642,5.493546805493316
780,52.682,3883,407,0,1021,217,1746,2735,2901.0,10.431914002065131,5.493546805493317
781,56.757,3963,362,97,1021,288,1826,2815,2901.0,10.43291461728762,5.493546805493317
782,61.252,4078,477,211,1084,420,1899,2930,2901.0,10.43391523251011,5.493546805493316
783,123.903,4281,1146,487,1137,1173,2497,3050,2901.0,10.439918923845049,5.493546805493316
784,106.462,4291,1147,332,1147,1183,2507,3060,2901.0,10.440919539067536,5.493546805493316
785,53.541,4297,1144,325,1153,1190,2514,3066,2901.0,10.441920154290028,5.493546805493317
786,76.995,4696,745,515,1552,1589,2913,3344,2901.0,10.443921384735004,5.493546805493316
787,48.307,4696,745,515,1552,1589,2913,3344,2901.0,10.444921999957495,5.493546805493316
788,42.373,4612,641,641,1729,1589,3089,3240,2901.0,10.445922615179983,5.493546805493315
789,65.787,4234,1426,1463,2117,2139,5000,5000,2901.0,10.37787207243694,5.492736610277615
790,89.061,4131,1324,1441,2014,2064,5000,5000,2901.0,10.378872686819857,5.492736610277615
791,109.419,4120,1313,1452,2003,2053,5000,5000,2901.0,10.379873301202776,5.492736610277616
792,73.179,3683,876,1475,1566,1651,5000,4805,2901.0,10.382875144351534,5.492736610277615
793,91.539,3554,746,1415,1437,1521,5000,4675,2901.0,10.38387575873445,5.492736610277615
794,50.132,3485,854,1523,1545,1629,5000,4606,2901.0,10.384876373117367,5.492736610277615
795,69.524,3258,667,1294,1316,1433,4891,4380,2901.0,10.385876987500286,5.492736610277616
796,94.436,3097,728,1235,1375,1494,4730,4219,2901.0,10.386877601883203,5.492736610277615
797,27.55,3101,724,1244,1373,1490,4733,4223,2901.0,10.387878216266122,5.492736610277615
798,83.967,3213,707,1334,1356,1473,4845,4334,2901.0,10.388878830649041,5.492736610277616
799,60.173,2542,886,591,853,1336,4140,3629,2901.0,10.390880059414876,5.492736610277616
800,110.498,2444,820,525,763,1270,4042,3531,2901.0,10.391880673797797,5.492736610277615
801,83.048,2383,818,524,711,1269,3981,3470,2901.0,10.392881288180716,5.492736610277615
802,71.541,2226,928,483,561,1383,3829,3318,2901.0,10.393881902563631,5.492736610277615
803,95.354,2120,836,393,422,1379,3693,3182,2901.0,10.394882516946549,5.492736610277616
804,125.681,1969,757,363,270,1377,3541,3030,2901.0,10.39588313132947,5.492736610277616
805,31.73,1919,785,355,221,1327,3492,2981,2901.0,10.396883745712387,5.492736610277617
806,38.367,1698,973,383,0,1106,3270,2759,2901.0,10.397884360095306,5.492736610277615
807,41.562,1631,1071,265,140,1019,3183,2692,2901.0,10.398884974478223,5.492736610277615
808,76.284,1441,915,170,330,849,3014,2503,2901.0,10.39988558886114,5.492736610277616
809,95.055,1378,811,204,412,750,2915,2440,2901.0,10.400886203244061,5.492736610277616
810,86.984,1384,672,290,538,611,2801,2385,2901.0,10.401886817626979,5.492736610277616
811,77.714,1348,577,467,715,554,2764,2348,2901.0,10.402887432009896,5.492736610277615
812,71.601,1381,595,510,764,572,2767,2381,2901.0,10.403888046392815,5.492736610277616
813,49.605,1269,451,451,828,428,2587,2270,2901.0,10.404888660775732,5.492736610277616
814,73.978,1383,469,443,942,412,2473,2320,2901.0,10.405889275158652,5.492736610277616
815,93.796,1299,358,358,858,302,2363,2210,2901.0,10.40688988954157,5.492736610277616
816,72.898,1315,374,374,826,204,2265,2112,2901.0,10.407890503924486,5.492736610277615
817,98.471,1527,637,470,950,328,2389,2236,2901.0,10.408891118307407,5.492736610277616
818,123.184,1475,586,522,899,276,2337,2184,2901.0,10.409891732690324,5.492736610277616
819,76.715,1745,879,584,875,569,2287,2320,2901.0,10.410892347073242,5.492736610277615
820,82.908,1745,879,584,875,569,2287,2320,2901.0,10.411892961456159,5.492736610277615
821,69.983,1715,856,519,845,789,1962,2043,2901.0,10.413894190221995,5.492736610277615
822,100.369,1751,821,493,881,825,1936,2016,2901.0,10.414894804604915,5.492736610277616
823,99.17,1941,630,623,1071,1016,2066,2146,2901.0,10.415895418987835,5.492736610277616
824,87.343,1941,630,623,1071,1016,2066,2146,2901.0,10.416896033370753,5.492736610277616
825,72.62,2182,63,134,1163,1263,1674,1754,2901.0,10.41889726213659,5.492736610277615
826,78.653,2298,91,162,1185,1379,1697,1777,2901.0,10.419897876519508,5.492736610277615
827,94.256,2403,196,267,1291,1484,1802,1883,2901.0,10.420898490902426,5.492736610277616
828,84.327,2541,334,405,1429,1622,1816,1965,2901.0,10.421899105285345,5.492736610277616
829,92.638,2583,439,510,1367,1604,1748,1897,2901.0,10.422899719668262,5.492736610277616
830,104.724,2711,566,528,1495,1522,1666,2025,2901.0,10.423900334051181,5.492736610277616
831,116.151,2980,824,593,1625,1621,1766,2293,2901.0,10.4249009484341,5.492736610277616
832,111.497,3010,854,569,1567,1564,1708,2290,2901.0,10.42590156281702,5.492736610277616
833,35.84,3617,547,214,1108,606,1682,2469,2901.0,10.428903405965771,5.492736610277615
834,82.489,3617,547,133,1108,525,1682,2469,2901.0,10.429904020348689,5.492736610277616
835,74.717,3634,564,74,1125,466,1699,2486,2901.0,10.43090463473161,5.492736610277616
836,81.75,3784,360,99,921,317,1646,2635,2901.0,10.431905249114527,5.492736610277615
837,68.404,3904,355,280,910,497,1725,2765,2901.0,10.432905863497444,5.492736610277615
838,31.225,3904,355,280,910,497,1725,2765,2901.0,10.433906477880363,5.492736610277615
839,23.914,4285,1150,830,1141,1177,2501,3054,2901.0,10.437908935412034,5.492736610277615
840,19.199,4285,1150,830,1141,1177,2501,3054,2901.0,10.438909549794953,5.492736610277616
841,99.31,4179,1044,724,1036,1072,2396,2948,2901.0,10.439910164177874,5.492736610277616
842,113.375,4223,1088,400,1079,1115,2439,2991,2901.0,10.44091077856079,5.492736610277616
843,52.142,4179,1044,486,1035,1072,2396,2948,2901.0,10.441911392943709,5.492736610277615
844,71.041,4649,678,678,1766,1626,3126,3277,2901.0,10.445913850475383,5.492736610277615
845,74.298,4672,701,701,1789,1649,3149,3300,2901.0,10.4469144648583,5.492736610277615
846,85.765,4255,1497,1534,2188,2209,5000,5000,2901.0,10.377863366127896,5.491926415483845
847,53.561,4103,1420,1685,2110,2195,5000,5000,2901.0,10.378863979671367,5.491926415483845
848,73.119,3845,1162,1762,1853,1937,5000,4967,2901.0,10.379864593214842,5.491926415483845
849,103.326,3773,1089,1689,1780,1864,5000,4894,2901.0,10.380865206758314,5.491926415483846
850,82.009,3773,1089,1689,1780,1864,5000,4894,2901.0,10.381865820301787,5.491926415483846
851,92.278,3485,854,1523,1545,1629,5000,4606,2901.0,10.383867047388733,5.491926415483846
852,51.923,3408,858,1485,1507,1624,5000,4530,2901.0,10.384867660932203,5.491926415483846
853,62.89,3189,792,1331,1441,1558,4821,4310,2901.0,10.385868274475676,5.491926415483846
854,87.683,3159,822,1302,1471,1588,4792,4281,2901.0,10.386868888019151,5.491926415483846
855,75.756,2959,894,1102,1361,1660,4591,4081,2901.0,10.387869501562623,5.491926415483847
856,110.318,2879,1145,1022,1281,1767,4512,4001,2901.0,10.388870115106096,5.491926415483846
857,18.14,2846,1112,989,1248,1735,4479,3968,2901.0,10.38987072864957,5.491926415483846
858,77.594,2542,886,591,853,1336,4140,3629,2901.0,10.390871342193043,5.491926415483846
859,63.889,2504,880,585,823,1330,4102,3591,2901.0,10.391871955736514,5.491926415483845
860,82.269,2442,881,586,769,1331,4040,3529,2901.0,10.392872569279987,5.491926415483845
861,84.626,2121,834,439,523,1475,3754,3243,2901.0,10.393873182823459,5.491926415483846
862,106.782,2036,748,354,438,1467,3668,3157,2901.0,10.394873796366932,5.491926415483845
863,81.01,1890,603,208,370,1359,3523,3012,2901.0,10.395874409910405,5.491926415483846
864,50.25,1987,717,322,289,1395,3560,3049,2901.0,10.396875023453878,5.491926415483846
865,67.741,1698,973,383,0,1106,3270,2759,2901.0,10.397875636997352,5.491926415483845
866,52.67,1526,924,220,214,934,3098,2587,2901.0,10.398876250540823,5.491926415483845
867,64.082,1404,912,89,294,812,2976,2465,2901.0,10.399876864084296,5.491926415483845
868,93.896,1342,842,71,375,750,2914,2403,2901.0,10.400877477627766,5.491926415483845
869,90.1,1296,804,122,480,704,2869,2358,2901.0,10.401878091171243,5.491926415483846
870,89.341,1307,536,426,673,513,2723,2307,2901.0,10.402878704714714,5.491926415483846
871,88.442,1196,401,401,755,378,2608,2197,2901.0,10.403879318258188,5.491926415483846
872,74.378,1165,346,346,723,323,2535,2165,2901.0,10.404879931801661,5.491926415483846
873,78.213,1122,232,232,681,281,2439,2123,2901.0,10.405880545345134,5.491926415483845
874,112.436,1221,280,280,780,255,2316,2163,2901.0,10.406881158888606,5.491926415483846
875,87.383,1315,374,374,813,191,2252,2099,2901.0,10.407881772432079,5.491926415483846
876,81.15,1401,512,448,825,202,2263,2110,2901.0,10.40888238597555,5.491926415483845
877,74.561,1389,512,330,706,203,2117,2097,2901.0,10.409882999519025,5.491926415483846
878,95.095,1477,606,321,611,297,2023,2056,2901.0,10.410883613062497,5.491926415483845
879,74.817,1576,709,415,706,400,2117,2151,2901.0,10.411884226605968,5.491926415483846
880,93.756,1684,835,541,813,526,2093,2126,2901.0,10.412884840149443,5.491926415483846
881,108.001,1568,897,543,697,642,1977,2010,2901.0,10.413885453692915,5.491926415483845
882,81.49,1642,795,441,771,822,1884,1964,2901.0,10.414886067236386,5.491926415483845
883,90.899,1684,713,359,814,894,1802,1882,2901.0,10.41588668077986,5.491926415483846
884,59.854,1808,594,337,938,1059,1780,1860,2901.0,10.416887294323335,5.491926415483846
885,97.053,2061,184,113,1141,1142,1653,1733,2901.0,10.417887907866806,5.491926415483846
886,74.038,2061,184,113,1141,1142,1653,1733,2901.0,10.418888521410278,5.491926415483846
887,70.402,2228,91,162,1116,1309,1627,1708,2901.0,10.41988913495375,5.491926415483846
888,89.94,2264,196,267,1151,1345,1663,1743,2901.0,10.420889748497224,5.491926415483846
889,55.658,2565,420,491,1349,1585,1730,1878,2901.0,10.421890362040697,5.491926415483846
890,77.774,2565,420,491,1349,1585,1730,1878,2901.0,10.42289097558417,5.491926415483846
891,118.908,3515,444,193,1006,586,1579,2366,2901.0,10.42989527038848,5.491926415483846
892,106.802,3455,384,253,946,645,1519,2307,2901.0,10.430895883931953,5.491926415483846
893,109.779,3693,268,190,830,408,1555,2544,2901.0,10.431896497475426,5.491926415483845
894,62.751,3904,355,280,910,497,1725,2765,2901.0,10.432897111018898,5.491926415483846
895,13.485,3904,355,280,910,497,1725,2765,2901.0,10.433897724562371,5.491926415483845
896,23.254,4179,1044,724,1036,1072,2396,2948,2901.0,10.438900792279735,5.491926415483846
897,74.458,4179,1044,724,1036,1072,2396,2948,2901.0,10.439901405823207,5.491926415483846
898,97.033,4125,990,497,981,1018,2342,2894,2901.0,10.440902019366678,5.491926415483846
899,87.343,4179,1044,486,1035,1072,2396,2948,2901.0,10.441902632910153,5.491926415483846
900,73.878,4458,487,487,1575,1435,2935,3086,2901.0,10.444904473540571,5.491926415483846
901,81.57,4672,701,701,1789,1649,3149,3300,2901.0,10.445905087084045,5.491926415483846
902,72.859,4541,535,535,1658,1519,3019,3169,2901.0,10.446905700627516,5.491926415483847
903,82.689,4103,1420,1685,2110,2195,5000,5000,2901.0,10.378855273827703,5.4911162211119455
904,87.084,3952,1269,1836,1960,2044,5000,5000,2901.0,10.379855886531857,5.4911162211119455
905,113.115,3845,1162,1762,1853,1937,5000,4967,2901.0,10.380856499236012,5.491116221111946
906,36.639,3773,1089,1689,1780,1864,5000,4894,2901.0,10.38185711194016,5.4911162211119455
907,40.355,3572,1155,1715,1804,1921,5000,4694,2901.0,10.382857724644316,5.4911162211119455
908,27.929,3542,992,1619,1641,1758,5000,4664,2901.0,10.38385833734847,5.491116221111946
909,25.971,3425,875,1502,1524,1641,5000,4547,2901.0,10.384858950052621,5.4911162211119455
910,34.002,3213,969,1355,1615,1735,4845,4334,2901.0,10.385859562756774,5.4911162211119455
911,126.92,3112,869,1255,1514,1635,4745,4234,2901.0,10.38686017546093,5.4911162211119455
912,90.859,2833,992,976,1235,1722,4466,3955,2901.0,10.387860788165083,5.4911162211119455
913,52.782,2789,1045,932,1191,1677,4422,3911,2901.0,10.388861400869233,5.4911162211119455
914,77.394,2617,1055,760,1019,1505,4250,3739,2901.0,10.389862013573389,5.491116221111946
915,73.678,2567,1004,710,969,1455,4199,3688,2901.0,10.390862626277539,5.491116221111946
916,82.329,2362,1016,680,764,1467,3995,3484,2901.0,10.391863238981694,5.4911162211119455
917,95.874,2373,1005,691,775,1455,4006,3495,2901.0,10.392863851685846,5.4911162211119455
918,94.875,2121,834,439,523,1475,3754,3243,2901.0,10.39386446439,5.4911162211119455
919,64.708,1802,514,120,458,1270,3434,2924,2901.0,10.395865689798306,5.491116221111946
920,50.744,1779,491,96,481,1247,3411,2900,2901.0,10.396866302502458,5.491116221111946
921,64.968,1527,658,264,428,995,3160,2649,2901.0,10.39786691520661,5.4911162211119455
922,87.713,1490,849,175,237,898,3062,2551,2901.0,10.398867527910763,5.4911162211119455
923,69.131,1482,856,167,230,891,3055,2544,2901.0,10.399868140614918,5.4911162211119455
924,51.583,1314,823,0,383,723,2887,2376,2901.0,10.40086875331907,5.4911162211119455
925,86.904,1211,719,121,504,619,2783,2272,2901.0,10.401869366023224,5.4911162211119455
926,90.82,1042,394,369,601,294,2458,2042,2901.0,10.403870591431529,5.4911162211119455
927,91.838,1079,283,283,638,249,2479,2079,2901.0,10.404871204135683,5.491116221111946
928,72.44,1095,204,204,653,253,2411,2095,2901.0,10.405871816839836,5.491116221111946
929,62.111,1135,193,193,693,196,2257,2104,2901.0,10.406872429543988,5.4911162211119455
930,57.396,1143,202,202,666,106,2167,2014,2901.0,10.407873042248143,5.491116221111946
931,92.937,1288,398,335,711,89,2150,1997,2901.0,10.408873654952295,5.4911162211119455
932,93.22,1355,552,296,668,243,2079,2064,2901.0,10.409874267656447,5.4911162211119455
933,73.399,1477,611,316,607,301,2019,2052,2901.0,10.410874880360602,5.491116221111947
934,56.098,1576,709,415,706,400,2117,2151,2901.0,10.411875493064754,5.4911162211119455
935,22.415,1568,897,543,697,642,1977,2010,2901.0,10.412876105768909,5.4911162211119455
936,53.181,1516,845,492,646,694,1925,1958,2901.0,10.41387671847306,5.4911162211119455
937,93.916,1622,775,421,751,832,1864,1944,2901.0,10.414877331177212,5.4911162211119455
938,109.379,1686,610,256,816,929,1699,1780,2901.0,10.415877943881366,5.4911162211119455
939,101.907,1781,621,310,911,1040,1753,1833,2901.0,10.416878556585521,5.491116221111946
940,81.73,1892,319,248,985,973,1496,1576,2901.0,10.417879169289673,5.4911162211119455
941,55.279,2103,108,37,991,1184,1502,1582,2901.0,10.418879781993825,5.4911162211119455
942,68.205,2141,70,0,1028,1222,1540,1620,2901.0,10.419880394697978,5.491116221111946
943,92.058,2264,196,267,1151,1345,1663,1743,2901.0,10.420881007402132,5.4911162211119455
944,94.995,2400,355,480,1184,1421,1565,1714,2901.0,10.421881620106285,5.4911162211119455
945,48.327,3021,876,218,1215,1212,1356,1938,2901.0,10.424883458218744,5.4911162211119455
946,95.874,3021,876,218,1215,1212,1356,1938,2901.0,10.425884070922898,5.491116221111946
947,110.877,3134,997,265,1262,1259,1403,1986,2901.0,10.42688468362705,5.4911162211119455
948,39.316,3395,324,313,886,705,1460,2247,2901.0,10.42988652173951,5.4911162211119455
949,100.828,3455,384,253,946,645,1519,2307,2901.0,10.43088713444366,5.4911162211119455
950,76.176,3601,177,280,738,500,1463,2452,2901.0,10.431887747147817,5.491116221111946
951,59.434,3601,0,159,658,624,1463,2452,2901.0,10.432888359851969,5.4911162211119455
952,19.658,3961,411,252,955,991,1781,2822,2901.0,10.435890197964428,5.4911162211119455
953,26.471,4049,914,594,905,942,2265,2818,2901.0,10.43989264878104,5.491116221111946
954,100.489,4044,909,589,900,936,2260,2813,2901.0,10.440893261485195,5.4911162211119455
955,76.056,4458,487,487,1575,1435,2935,3086,2901.0,10.444895712301804,5.4911162211119455
956,64.868,4541,535,535,1658,1519,3019,3169,2901.0,10.44689693771011,5.4911162211119455
957,92.198,4070,1387,1954,2078,2162,5000,5000,2901.0,10.378846569288852,5.490306027161854
958,82.049,3952,1269,1836,1960,2044,5000,5000,2901.0,10.379847181153814,5.4903060271618545
959,16.801,3952,1269,1836,1960,2044,5000,5000,2901.0,10.38084779301877,5.490306027161854
960,71.061,3572,1155,1715,1804,1921,5000,4694,2901.0,10.38284901674869,5.4903060271618545
961,25.392,3495,1079,1638,1728,1845,5000,4617,2901.0,10.38384962861365,5.490306027161855
962,38.737,3213,969,1355,1615,1735,4845,4334,2901.0,10.385850852343568,5.4903060271618545
963,45.33,2350,1028,668,752,1478,3983,3472,2901.0,10.391854523533322,5.4903060271618545
964,66.047,2350,1028,668,752,1478,3983,3472,2901.0,10.392855135398282,5.490306027161855
965,81.45,1726,518,124,534,1194,3358,2848,2901.0,10.395856970993158,5.4903060271618545
966,86.105,1680,505,111,564,1148,3312,2801,2901.0,10.396857582858116,5.490306027161855
967,104.684,1586,599,204,487,1054,3219,2708,2901.0,10.397858194723078,5.490306027161854
968,33.183,1434,751,292,355,903,3067,2556,2901.0,10.398858806588036,5.490306027161854
969,55.52,1331,854,380,458,799,2964,2453,2901.0,10.399859418452994,5.490306027161854
970,68.145,1065,573,187,624,473,2638,2127,2901.0,10.401860642182914,5.490306027161855
971,96.573,1012,494,267,571,394,2558,2074,2901.0,10.402861254047872,5.490306027161855
972,72.959,1036,394,366,594,294,2458,2036,2901.0,10.403861865912834,5.490306027161854
973,91.459,973,295,282,531,200,2392,1973,2901.0,10.40486247777779,5.490306027161854
974,96.953,972,107,107,530,130,2387,1972,2901.0,10.40586308964275,5.490306027161854
975,33.089,941,0,0,499,100,2357,1941,2901.0,10.406863701507708,5.490306027161854
976,87.431,1193,252,252,679,57,2118,1964,2901.0,10.407864313372668,5.490306027161854
977,51.534,1167,340,215,591,30,2030,1876,2901.0,10.408864925237626,5.490306027161854
978,67.166,1231,465,172,548,156,1987,1939,2901.0,10.409865537102585,5.4903060271618545
979,72.06,1319,769,157,448,460,1860,1893,2901.0,10.410866148967546,5.490306027161855
980,79.115,1278,883,255,408,586,1819,1852,2901.0,10.411866760832506,5.4903060271618545
981,33.843,1357,845,341,487,720,1767,1800,2901.0,10.412867372697464,5.4903060271618545
982,80.791,1424,830,408,553,786,1833,1866,2901.0,10.413867984562424,5.4903060271618545
983,80.731,1533,633,62,663,797,1632,1665,2901.0,10.414868596427382,5.4903060271618545
984,107.361,1619,577,148,749,878,1665,1721,2901.0,10.415869208292342,5.4903060271618545
985,49.605,1892,319,248,985,973,1496,1576,2901.0,10.417870432022259,5.490306027161854
986,90.0,2040,171,100,927,1121,1439,1519,2901.0,10.418871043887219,5.4903060271618545
987,90.899,2078,210,139,966,1159,1477,1558,2901.0,10.41987165575218,5.490306027161855
988,79.292,2218,183,278,1012,1284,1428,1565,2901.0,10.420872267617138,5.4903060271618545
989,74.577,2301,256,381,1086,1322,1466,1615,2901.0,10.421872879482097,5.4903060271618545
990,116.291,2420,411,536,1145,1269,1414,1643,2901.0,10.422873491347056,5.490306027161855
991,91.838,2491,482,607,1216,1340,1484,1714,2901.0,10.423874103212015,5.490306027161854
992,10.788,3021,876,218,1215,1212,1356,1938,2901.0,10.424874715076976,5.4903060271618545
993,80.811,2977,840,108,1106,1102,1247,1829,2901.0,10.425875326941934,5.490306027161855
994,95.534,3026,889,157,1155,1151,1296,1878,2901.0,10.426875938806893,5.4903060271618545
995,60.054,3335,265,373,826,765,1400,2187,2901.0,10.429877774401769,5.4903060271618545
996,92.777,3422,178,337,740,678,1329,2274,2901.0,10.430878386266729,5.4903060271618545
997,54.08,3552,68,207,610,629,1404,2404,2901.0,10.431878998131687,5.490306027161854
998,17.621,3601,75,131,632,678,1442,2457,2901.0,10.432879609996647,5.490306027161854
999,61.272,3708,159,0,714,784,1529,2569,2901.0,10.433880221861607,5.490306027161855
1000,101.727,3961,411,252,955,991,1781,2822,2901.0,10.435881445591525,5.4903060271618545
1001,64.089,3956,582,423,784,821,1799,2729,2901.0,10.436882057456485,5.490306027161854
1002,67.006,3956,582,423,784,821,1799,2729,2901.0,10.437882669321443,5.490306027161854
1003,55.598,4232,261,261,1349,1209,2709,2860,2901.0,10.444886952376159,5.4903060271618545
1004,36.06,4232,261,261,1349,1209,2709,2860,2901.0,10.445887564241117,5.490306027161854
1005,79.752,4461,455,455,1578,1438,2938,3089,2901.0,10.448889399835993,5.490306027161854
1006,53.96,4667,661,661,1784,1645,3144,3295,2901.0,10.449890011700955,5.490306027161855
1007,111.896,4667,661,661,1784,1645,3144,3295,2901.0,10.450890623565913,5.490306027161854
1008,92.977,4105,1422,1989,2113,2197,5000,5000,2901.0,10.378837866054807,5.489495833633507
1009,90.64,4070,1387,1954,2078,2162,5000,5000,2901.0,10.379838477080702,5.489495833633508
1010,26.79,3700,1312,1843,1961,2078,5000,4822,2901.0,10.381839699132481,5.489495833633507
1011,106.402,3700,1312,1843,1961,2078,5000,4822,2901.0,10.382840310158372,5.489495833633507
1012,66.287,3255,1319,1398,1657,2085,4888,4377,2901.0,10.384841532210157,5.489495833633507
1013,106.962,3255,1319,1398,1657,2085,4888,4377,2901.0,10.385842143236047,5.489495833633507
1014,67.665,3073,1501,1216,1475,1961,4705,4194,2901.0,10.386842754261936,5.489495833633507
1015,64.349,2994,1432,1137,1396,1883,4627,4116,2901.0,10.387843365287829,5.489495833633507
1016,61.991,2415,349,287,1202,1883,4048,3480,2901.0,10.3908451983655,5.489495833633507
1017,64.808,2321,273,423,1108,1789,3953,3386,2901.0,10.391845809391393,5.489495833633507
1018,42.113,2193,146,402,981,1662,3826,3258,2901.0,10.392846420417284,5.489495833633508
1019,77.574,2182,99,390,969,1650,3815,3247,2901.0,10.393847031443174,5.489495833633507
1020,48.466,1995,285,204,783,1464,3628,3060,2901.0,10.394847642469065,5.489495833633507
1021,67.046,1839,346,48,626,1307,3472,2932,2901.0,10.395848253494957,5.489495833633507
1022,114.034,1691,540,146,620,1159,3323,2813,2901.0,10.396848864520848,5.489495833633507
1023,84.307,1661,643,249,580,1129,3293,2783,2901.0,10.397849475546739,5.489495833633507
1024,32.104,1484,708,400,565,952,3116,2605,2901.0,10.398850086572631,5.489495833633508
1025,53.857,991,721,40,550,621,2785,2232,2901.0,10.40085130862441,5.489495833633507
1026,76.557,1072,640,120,630,540,2705,2194,2901.0,10.401851919650303,5.489495833633508
1027,121.226,1065,573,187,624,473,2638,2127,2901.0,10.402852530676192,5.489495833633507
1028,82.409,913,358,333,471,258,2423,1954,2901.0,10.403853141702086,5.489495833633508
1029,56.689,890,249,225,448,149,2314,1890,2901.0,10.404853752727977,5.489495833633508
1030,57.456,841,100,100,399,0,2257,1841,2901.0,10.405854363753864,5.489495833633507
1031,63.727,941,0,0,499,100,2357,1941,2901.0,10.40685497477976,5.489495833633508
1032,56.772,1183,417,137,513,108,1952,1892,2901.0,10.408856196831538,5.489495833633507
1033,65.208,1247,519,36,412,209,1851,1884,2901.0,10.409856807857429,5.489495833633507
1034,99.57,1257,736,95,386,427,1798,1831,2901.0,10.410857418883321,5.489495833633507
1035,83.548,1212,817,189,341,520,1753,1786,2901.0,10.411858029909213,5.489495833633507
1036,60.773,1303,882,287,433,666,1712,1746,2901.0,10.412858640935104,5.489495833633507
1037,86.185,1243,848,227,373,606,1652,1686,2901.0,10.413859251960996,5.489495833633507
1038,87.583,1471,695,0,601,735,1577,1610,2901.0,10.414859862986885,5.489495833633507
1039,82.189,1533,633,62,663,797,1632,1665,2901.0,10.41586047401278,5.489495833633507
1040,86.185,1663,427,68,869,744,1515,1571,2901.0,10.41686108503867,5.489495833633507
1041,56.458,1785,300,184,878,866,1389,1469,2901.0,10.417861696064561,5.489495833633507
1042,82.269,1903,231,116,809,984,1321,1401,2901.0,10.41886230709045,5.489495833633507
1043,106.922,2097,52,253,881,1167,1336,1434,2901.0,10.41986291811634,5.489495833633507
1044,111.537,2222,177,302,1006,1260,1405,1547,2901.0,10.420863529142231,5.489495833633507
1045,117.27,2268,251,404,993,1158,1302,1491,2901.0,10.421864140168124,5.489495833633507
1046,88.103,2491,482,607,1216,1340,1484,1714,2901.0,10.422864751194016,5.489495833633508
1047,39.496,2491,482,607,1216,1340,1484,1714,2901.0,10.423865362219905,5.489495833633508
1048,61.252,2869,731,0,997,994,1138,1720,2901.0,10.425866584271688,5.489495833633507
1049,89.781,2869,731,0,997,994,1138,1720,2901.0,10.426867195297579,5.489495833633507
1050,90.34,3552,99,155,558,680,1373,2413,2901.0,10.431870250427032,5.489495833633508
1051,30.946,3552,99,155,558,680,1373,2413,2901.0,10.432870861452924,5.489495833633507
1052,93.916,3810,436,277,816,892,1631,2671,2901.0,10.435872694530596,5.489495833633507
1053,112.635,3873,499,340,793,830,1694,2734,2901.0,10.436873305556489,5.489495833633508
1054,55.099,3956,582,423,784,821,1799,2729,2901.0,10.437873916582381,5.489495833633507
1055,29.887,4245,274,274,1362,1222,2722,2873,2901.0,10.443877582737729,5.489495833633508
1056,85.206,4202,232,232,1319,1180,2680,2830,2901.0,10.444878193763618,5.489495833633507
1057,64.708,4220,249,249,1337,1197,2697,2848,2901.0,10.445878804789507,5.489495833633507
1058,117.31,4224,218,218,1341,1201,2701,2852,2901.0,10.4468794158154,5.489495833633507
1059,82.529,4267,261,261,1384,1244,2744,2895,2901.0,10.447880026841291,5.489495833633507
1060,98.99,4395,390,390,1513,1373,2873,3023,2901.0,10.44888063786718,5.489495833633508
1061,51.943,4406,400,400,1523,1384,2884,3034,2901.0,10.449881248893071,5.489495833633507
1062,67.445,4592,586,586,1709,1569,3069,3220,2901.0,10.450881859918963,5.489495833633507
1063,76.635,4754,748,748,1871,1731,3231,3382,2901.0,10.451882470944856,5.489495833633508
1064,65.408,4754,748,748,1871,1731,3231,3382,2901.0,10.452883081970747,5.489495833633507
1065,26.79,3700,1312,1843,1961,2078,5000,4822,2901.0,10.381830994686405,5.488685640526841
1066,24.633,3700,1312,1843,1961,2078,5000,4822,2901.0,10.382831604873354,5.488685640526842
1067,44.551,3512,1500,1655,1914,2267,5000,4633,2901.0,10.383832215060302,5.488685640526842
1068,107.281,3255,1319,1398,1657,2085,4888,4377,2901.0,10.384832825247251,5.488685640526841
1069,96.433,3173,1401,1316,1575,2062,4806,4295,2901.0,10.385833435434202,5.488685640526842
1070,83.787,3127,1514,1270,1529,2016,4760,4249,2901.0,10.386834045621148,5.488685640526842
1071,42.533,2527,432,106,1383,2064,4229,3576,2901.0,10.389835876181998,5.488685640526842
1072,90.06,2415,349,287,1223,1904,4069,3480,2901.0,10.390836486368944,5.488685640526842
1073,106.702,2324,259,442,1111,1792,3956,3388,2901.0,10.391837096555893,5.488685640526842
1074,100.169,2182,99,390,969,1650,3815,3247,2901.0,10.392837706742842,5.488685640526842
1075,74.018,2108,77,317,895,1576,3741,3159,2901.0,10.39383831692979,5.488685640526842
1076,86.904,1969,216,178,756,1438,3602,3034,2901.0,10.394838927116739,5.488685640526842
1077,95.634,1913,272,122,700,1382,3546,2978,2901.0,10.395839537303688,5.488685640526842
1078,110.877,1695,497,253,729,1163,3328,2753,2901.0,10.396840147490638,5.488685640526842
1079,97.992,1599,593,284,633,1067,3232,2721,2901.0,10.397840757677589,5.488685640526842
1080,13.485,1495,696,388,553,964,3128,2617,2901.0,10.398841367864536,5.488685640526842
1081,94.196,951,761,0,510,661,2774,2192,2901.0,10.40084258823843,5.488685640526842
1082,93.537,991,721,40,550,621,2785,2232,2901.0,10.40184319842538,5.488685640526842
1083,82.589,803,312,287,361,212,2376,1865,2901.0,10.40384441879928,5.488685640526842
1084,70.902,815,214,189,373,114,2279,1847,2901.0,10.404845028986227,5.488685640526842
1085,74.717,793,154,120,352,59,2209,1788,2901.0,10.405845639173174,5.488685640526842
1086,84.087,893,85,0,451,167,2089,1776,2901.0,10.406846249360125,5.488685640526842
1087,77.514,985,567,86,410,86,1973,1694,2901.0,10.407846859547075,5.488685640526842
1088,93.372,974,556,75,398,75,1962,1683,2901.0,10.40884746973402,5.488685640526842
1089,46.941,1246,555,0,376,246,1814,1848,2901.0,10.40984807992097,5.488685640526841
1090,57.461,1161,640,0,290,331,1729,1763,2901.0,10.410848690107919,5.488685640526842
1091,87.603,1070,675,160,200,433,1612,1645,2901.0,10.411849300294866,5.488685640526842
1092,56.178,1243,848,227,373,606,1652,1686,2901.0,10.412849910481816,5.488685640526842
1093,93.616,1272,877,217,402,635,1606,1639,2901.0,10.413850520668765,5.488685640526842
1094,80.071,1443,760,65,573,670,1512,1545,2901.0,10.414851130855714,5.488685640526842
1095,97.472,1529,556,65,772,610,1422,1455,2901.0,10.41585174104266,5.488685640526842
1096,69.803,1561,523,32,790,642,1454,1488,2901.0,10.41685235122961,5.488685640526842
1097,76.575,1823,297,97,791,893,1302,1383,2901.0,10.417852961416562,5.488685640526842
1098,87.383,1911,173,42,736,992,1247,1328,2901.0,10.418853571603508,5.488685640526842
1099,82.669,2045,0,201,829,1115,1284,1382,2901.0,10.419854181790457,5.488685640526842
1100,119.827,2097,52,253,881,1167,1336,1434,2901.0,10.420854791977407,5.488685640526842
1101,97.972,2273,277,440,998,1122,1267,1496,2901.0,10.421855402164356,5.488685640526842
1102,87.383,2273,277,440,998,1122,1267,1496,2901.0,10.422856012351303,5.488685640526842
1103,78.673,2802,798,66,931,928,1072,1654,2901.0,10.42585784291215,5.488685640526842
1104,99.53,2869,731,0,997,994,1138,1720,2901.0,10.426858453099097,5.488685640526842
1105,52.762,3461,316,263,467,941,1282,2322,2901.0,10.43286211422079,5.488685640526842
1106,48.466,3559,414,361,565,1039,1380,2420,2901.0,10.43386272440774,5.488685640526842
1107,74.498,3559,414,361,565,1039,1380,2420,2901.0,10.43486333459469,5.488685640526842
1108,70.642,3839,625,466,667,704,1820,2612,2901.0,10.436864554968587,5.488685640526842
1109,77.634,3839,625,466,667,704,1820,2612,2901.0,10.437865165155536,5.488685640526842
1110,46.089,3710,547,547,539,575,1899,2484,2901.0,10.438865775342483,5.488685640526842
1111,21.856,3710,547,547,539,575,1899,2484,2901.0,10.439866385529431,5.488685640526842
1112,57.516,3731,603,603,594,631,1954,2500,2901.0,10.440866995716378,5.488685640526842
1113,117.63,3819,709,709,700,737,2060,2587,2901.0,10.441867605903328,5.488685640526842
1114,80.811,4245,274,274,1362,1222,2722,2873,2901.0,10.443868826277226,5.488685640526842
1115,83.488,4202,232,232,1319,1180,2680,2830,2901.0,10.444869436464174,5.488685640526842
1116,104.025,4146,140,140,1263,1124,2624,2774,2901.0,10.446870656838074,5.488685640526842
1117,80.191,4245,239,239,1362,1222,2722,2873,2901.0,10.447871267025022,5.488685640526842
1118,113.155,4754,748,748,1871,1731,3231,3382,2901.0,10.451873707772817,5.488685640526842
1119,92.378,4754,748,748,1871,1731,3231,3382,2901.0,10.452874317959765,5.488685640526842
1120,33.383,3439,1503,1582,1841,2269,5000,4561,2901.0,10.383823510241758,5.487875447841793
1121,102.866,3445,1509,1588,1847,2275,5000,4567,2901.0,10.384824119589886,5.487875447841793
1122,55.938,3503,1567,1646,1905,2333,5000,4625,2901.0,10.38582472893802,5.487875447841792
1123,23.474,3138,1503,1281,1540,2027,4771,4260,2901.0,10.386825338286153,5.487875447841793
1124,72.919,2527,432,106,1383,2064,4229,3576,2901.0,10.389827166330551,5.487875447841793
1125,60.054,2302,261,144,1234,1851,4015,3351,2901.0,10.390827775678682,5.487875447841792
1126,101.368,2269,201,204,1174,1818,3982,3318,2901.0,10.391828385026814,5.487875447841793
1127,111.617,2185,0,394,973,1654,3818,3236,2901.0,10.392828994374947,5.487875447841793
1128,85.465,2075,125,425,1020,1570,3735,3124,2901.0,10.393829603723079,5.487875447841793
1129,99.75,1968,219,330,909,1458,3622,3017,2901.0,10.394830213071211,5.487875447841793
1130,68.944,1831,377,233,812,1299,3463,2889,2901.0,10.395830822419343,5.487875447841793
1131,99.71,1631,562,353,823,1258,3422,2681,2901.0,10.396831431767476,5.487875447841792
1132,73.858,1617,569,339,809,1244,3408,2667,2901.0,10.397832041115608,5.487875447841793
1133,9.549,1020,941,88,586,841,2843,2261,2901.0,10.39983325981187,5.487875447841793
1134,54.08,1015,882,29,579,782,2837,2256,2901.0,10.400833869160003,5.487875447841792
1135,86.404,929,963,110,495,863,2751,2170,2901.0,10.401834478508135,5.487875447841793
1136,76.217,677,358,333,236,257,2266,1739,2901.0,10.404836306552534,5.487875447841793
1137,84.586,638,316,267,197,215,2100,1625,2901.0,10.405836915900665,5.487875447841792
1138,47.607,975,5,91,478,259,2005,1685,2901.0,10.406837525248797,5.487875447841793
1139,53.641,900,81,167,402,263,1929,1609,2901.0,10.407838134596929,5.487875447841793
1140,67.116,899,504,0,323,0,1887,1607,2901.0,10.40883874394506,5.487875447841793
1141,37.252,870,475,290,0,233,1764,1578,2901.0,10.409839353293192,5.487875447841793
1142,48.583,945,550,215,75,308,1694,1620,2901.0,10.410839962641326,5.487875447841793
1143,98.471,1042,647,140,172,405,1597,1630,2901.0,10.411840571989456,5.487875447841792
1144,81.41,1161,766,251,291,524,1478,1511,2901.0,10.412841181337589,5.487875447841793
1145,80.051,1279,884,229,409,642,1581,1614,2901.0,10.413841790685723,5.487875447841793
1146,106.063,1402,855,159,548,575,1417,1450,2901.0,10.414842400033855,5.487875447841792
1147,75.616,1404,680,189,759,485,1297,1331,2901.0,10.415843009381987,5.487875447841793
1148,51.483,1470,615,123,774,551,1363,1397,2901.0,10.416843618730118,5.487875447841793
1149,80.111,1688,308,224,694,758,1205,1271,2901.0,10.41784422807825,5.487875447841793
1150,86.305,1829,150,66,626,899,1138,1218,2901.0,10.418844837426384,5.487875447841793
1151,84.027,1959,0,199,743,1029,1198,1296,2901.0,10.419845446774515,5.487875447841793
1152,80.571,2073,78,278,798,1111,1198,1296,2901.0,10.420846056122647,5.487875447841793
1153,87.004,2145,148,350,870,1183,1270,1368,2901.0,10.421846665470781,5.487875447841793
1154,65.527,2588,591,417,858,807,952,1534,2901.0,10.423847884167044,5.487875447841792
1155,110.678,2588,591,417,858,807,952,1534,2901.0,10.424848493515178,5.487875447841793
1156,120.886,2838,801,196,801,805,1107,1689,2901.0,10.42684971221144,5.487875447841793
1157,70.742,2962,677,159,677,681,994,1814,2901.0,10.427850321559573,5.487875447841793
1158,63.49,3189,438,91,438,697,1010,2050,2901.0,10.430852149603972,5.487875447841793
1159,82.009,3235,347,0,347,744,1056,2097,2901.0,10.431852758952102,5.487875447841793
1160,63.849,3265,271,75,271,773,1086,2126,2901.0,10.432853368300234,5.487875447841793
1161,62.051,3451,457,261,457,959,1272,2312,2901.0,10.433853977648367,5.487875447841793
1162,46.568,3451,457,261,457,959,1272,2312,2901.0,10.434854586996497,5.487875447841793
1163,97.752,3839,625,466,667,704,1820,2612,2901.0,10.436855805692764,5.487875447841793
1164,71.141,3773,610,532,601,638,1886,2546,2901.0,10.437856415040892,5.487875447841793
1165,43.774,3617,454,454,445,482,1806,2390,2901.0,10.439857633737159,5.487875447841793
1166,45.973,3621,508,508,499,536,1860,2390,2901.0,10.440858243085291,5.487875447841793
1167,97.452,3711,602,602,593,629,1953,2480,2901.0,10.441858852433425,5.487875447841793
1168,58.555,3694,488,488,811,672,2171,2463,2901.0,10.442859461781556,5.487875447841793
1169,77.914,3694,488,488,811,672,2171,2463,2901.0,10.44386007112969,5.487875447841793
1170,33.543,3997,17,17,1114,975,2475,2625,2901.0,10.445861289825952,5.487875447841793
1171,103.865,3520,1584,1663,1922,2350,5000,4641,2901.0,10.383814806728616,5.487065255578301
1172,68.324,3504,1567,1646,1906,2334,5000,4625,2901.0,10.384815415238057,5.487065255578303
1173,29.687,3503,1567,1646,1905,2333,5000,4625,2901.0,10.385816023747498,5.487065255578302
1174,47.368,2446,406,0,1379,1996,4160,3496,2901.0,10.389818457785264,5.487065255578301
1175,82.489,2357,316,89,1289,1906,4070,3406,2901.0,10.390819066294707,5.487065255578303
1176,101.408,2227,242,219,1215,1777,3941,3277,2901.0,10.391819674804147,5.487065255578303
1177,123.703,2120,237,333,1193,1743,3907,3170,2901.0,10.392820283313586,5.487065255578301
1178,98.97,2011,210,435,1085,1635,3799,3060,2901.0,10.39382089182303,5.487065255578302
1179,83.887,1883,303,381,960,1509,3673,2933,2901.0,10.394821500332473,5.487065255578302
1180,106.982,1640,561,361,831,1266,3430,2689,2901.0,10.396822717351354,5.487065255578302
1181,64.449,1617,569,339,809,1244,3408,2667,2901.0,10.397823325860797,5.487065255578302
1182,31.665,1020,941,88,586,841,2843,2261,2901.0,10.39982454287968,5.487065255578303
1183,34.062,1020,941,88,586,841,2843,2261,2901.0,10.40082515138912,5.487065255578303
1184,65.048,870,935,169,436,835,2692,2110,2901.0,10.40182575989856,5.487065255578301
1185,99.59,638,704,401,204,604,2461,1879,2901.0,10.402826368408,5.487065255578302
1186,84.207,638,704,401,204,604,2461,1879,2901.0,10.403826976917445,5.487065255578303
1187,103.785,441,499,336,0,399,2263,1682,2901.0,10.404827585426887,5.487065255578301
1188,76.016,535,406,357,93,306,2182,1655,2901.0,10.405828193936326,5.487065255578302
1189,91.199,717,468,419,275,326,2000,1473,2901.0,10.40682880244577,5.487065255578302
1190,80.447,815,167,253,316,178,1844,1524,2901.0,10.407829410955209,5.487065255578301
1191,49.314,722,327,176,147,85,1710,1431,2901.0,10.408830019464652,5.487065255578303
1192,36.09,793,398,247,76,156,1741,1502,2901.0,10.409830627974094,5.487065255578302
1193,49.719,870,475,290,0,233,1764,1578,2901.0,10.410831236483533,5.487065255578301
1194,98.911,1196,886,363,414,447,1412,1443,2901.0,10.41283245350242,5.487065255578302
1195,107.301,1258,916,311,440,475,1350,1383,2901.0,10.413833062011859,5.487065255578301
1196,85.565,1395,909,282,615,486,1298,1331,2901.0,10.414833670521302,5.487065255578303
1197,86.245,1398,782,291,721,479,1291,1324,2901.0,10.415834279030744,5.487065255578303
1198,52.282,1404,680,243,720,485,1243,1277,2901.0,10.416834887540183,5.487065255578301
1199,78.473,1619,358,285,558,689,1069,1150,2901.0,10.417835496049625,5.487065255578302
1200,97.972,1731,247,185,551,801,1062,1142,2901.0,10.418836104559068,5.487065255578302
1201,102.247,1897,71,271,672,967,1127,1225,2901.0,10.419836713068507,5.487065255578301
1202,90.64,1998,119,318,723,1036,1123,1221,2901.0,10.420837321577949,5.487065255578301
1203,72.34,1993,240,440,718,1031,1118,1216,2901.0,10.421837930087392,5.487065255578303
1204,74.857,2588,591,417,858,807,952,1534,2901.0,10.423839147106273,5.487065255578302
1205,73.079,2562,712,306,737,687,831,1414,2901.0,10.424839755615718,5.487065255578303
1206,58.915,2633,792,386,753,703,902,1485,2901.0,10.425840364125156,5.487065255578301
1207,124.642,2962,677,159,677,681,994,1814,2901.0,10.427841581144039,5.487065255578301
1208,119.048,2992,576,58,576,581,893,1844,2901.0,10.42884218965348,5.487065255578301
1209,90.78,3176,407,59,407,684,996,2037,2901.0,10.430843406672363,5.487065255578302
1210,83.607,3235,347,0,347,744,1056,2097,2901.0,10.431844015181804,5.487065255578301
1211,76.256,3307,314,117,314,816,1128,2169,2901.0,10.432844623691246,5.487065255578303
1212,43.851,3372,378,182,378,880,1193,2233,2901.0,10.433845232200689,5.487065255578302
1213,100.329,3451,457,261,457,959,1272,2312,2901.0,10.43484584071013,5.487065255578301
1214,47.088,3458,295,295,286,322,1646,2231,2901.0,10.438848274747896,5.487065255578302
1215,76.016,3522,359,359,350,387,1711,2295,2901.0,10.439848883257335,5.487065255578301
1216,56.398,3660,551,551,542,578,1902,2429,2901.0,10.440849491766777,5.487065255578302
1217,55.179,3711,602,602,593,629,1953,2480,2901.0,10.44185010027622,5.487065255578302
1218,34.122,3694,488,488,811,672,2171,2463,2901.0,10.44285070878566,5.487065255578301
1219,93.736,3806,380,380,923,784,2284,2488,2901.0,10.443851317295103,5.487065255578303
1220,96.713,3831,351,351,948,808,2308,2459,2901.0,10.444851925804542,5.487065255578302
1221,84.267,3988,17,17,1105,965,2465,2616,2901.0,10.445852534313985,5.487065255578301
1222,58.955,2322,336,205,1309,1871,4035,3371,2901.0,10.390810358217005,5.4862550637363015
1223,78.293,2322,336,205,1309,1871,4035,3371,2901.0,10.391810965887881,5.486255063736301
1224,91.579,2161,279,333,1235,1785,3949,3210,2901.0,10.39281157355876,5.486255063736301
1225,86.344,2046,298,504,1122,1671,3828,3045,2901.0,10.393812181229636,5.4862550637363015
1226,31.845,1375,811,443,941,1196,3191,2425,2901.0,10.39781461191314,5.486255063736302
1227,40.495,1269,918,337,835,1090,3091,2362,2901.0,10.398815219584018,5.486255063736301
1228,91.719,902,981,269,481,881,2687,2041,2901.0,10.401817042596647,5.486255063736301
1229,102.527,703,769,465,269,668,2525,1911,2901.0,10.402817650267522,5.4862550637363015
1230,58.196,645,711,407,211,611,2467,1886,2901.0,10.4038182579384,5.486255063736301
1231,116.931,466,527,308,28,427,2288,1706,2901.0,10.404818865609277,5.486255063736301
1232,107.861,441,499,336,0,399,2263,1682,2901.0,10.405819473280152,5.486255063736301
1233,54.939,547,840,607,674,495,2005,1478,2901.0,10.406820080951029,5.4862550637363015
1234,85.638,480,774,541,608,429,1939,1412,2901.0,10.407820688621904,5.4862550637363015
1235,71.277,685,298,215,186,48,1713,1394,2901.0,10.408821296292782,5.4862550637363015
1236,75.904,647,337,251,222,10,1674,1356,2901.0,10.40982190396366,5.486255063736302
1237,86.644,1037,728,470,282,400,1551,1380,2901.0,10.411823119305414,5.4862550637363015
1238,110.997,1112,803,396,354,467,1496,1406,2901.0,10.412823726976288,5.4862550637363015
1239,99.909,1287,932,306,499,428,1270,1303,2901.0,10.413824334647163,5.4862550637363015
1240,98.191,1304,869,369,562,395,1207,1240,2901.0,10.414824942318042,5.4862550637363015
1241,63.969,1227,782,367,596,308,1120,1153,2901.0,10.415825549988918,5.486255063736301
1242,57.396,1511,476,401,575,581,1098,1131,2901.0,10.416826157659795,5.486255063736301
1243,80.671,1568,405,336,519,638,1030,1111,2901.0,10.41782676533067,5.486255063736302
1244,97.013,1677,305,253,439,747,951,1031,2901.0,10.418827373001548,5.4862550637363015
1245,107.941,1832,187,387,556,902,1011,1109,2901.0,10.419827980672425,5.4862550637363015
1246,76.495,1902,214,414,627,940,1027,1125,2901.0,10.4208285883433,5.4862550637363015
1247,81.869,1988,240,440,713,1026,1113,1211,2901.0,10.421829196014178,5.4862550637363015
1248,99.27,2509,765,359,781,731,779,1361,2901.0,10.424831019026808,5.4862550637363015
1249,86.444,2627,722,359,663,613,868,1479,2901.0,10.425831626697683,5.486255063736301
1250,98.211,2957,611,93,601,551,863,1809,2901.0,10.427832842039436,5.486255063736301
1251,89.301,3014,525,7,525,529,842,1875,2901.0,10.428833449710313,5.486255063736301
1252,64.469,3149,155,126,155,657,970,2010,2901.0,10.431835272722942,5.486255063736301
1253,73.958,3121,127,98,127,629,941,1982,2901.0,10.432835880393817,5.486255063736301
1254,91.738,3717,554,554,545,582,1906,2490,2901.0,10.435837703406447,5.486255063736302
1255,105.683,3717,554,554,545,582,1906,2490,2901.0,10.436838311077326,5.4862550637363015
1256,48.766,3405,242,242,233,269,1593,2178,2901.0,10.438839526419079,5.4862550637363015
1257,84.047,3431,268,268,259,296,1620,2205,2901.0,10.439840134089952,5.4862550637363015
1258,109.878,3458,427,543,575,435,1935,2227,2901.0,10.440840741760828,5.4862550637363015
1259,66.427,3558,527,644,675,536,2036,2327,2901.0,10.441841349431707,5.4862550637363015
1260,96.174,3530,499,614,647,507,2007,2298,2901.0,10.442841957102583,5.4862550637363015
1261,94.775,3831,351,351,948,808,2308,2459,2901.0,10.443842564773458,5.486255063736301
1262,82.309,3769,236,236,886,747,2246,2397,2901.0,10.444843172444337,5.4862550637363015
1263,59.055,4380,510,375,1586,508,2946,2762,2901.0,10.449846210798718,5.4862550637363015
1264,74.318,1935,443,649,1225,1659,3709,2900,2901.0,10.393803471942881,5.485444872315731
1265,62.411,1945,454,660,1214,1649,3719,2911,2901.0,10.39480407877532,5.485444872315731
1266,111.297,1372,815,440,938,1193,3187,2421,2901.0,10.397805899272631,5.485444872315731
1267,95.854,1254,974,437,935,1190,3028,2261,2901.0,10.398806506105071,5.48544487231573
1268,68.264,978,1567,764,760,1461,2751,1985,2901.0,10.399807112937507,5.485444872315731
1269,66.367,922,1077,365,577,977,2696,1945,2901.0,10.400807719769944,5.485444872315731
1270,91.858,845,924,325,424,824,2631,2012,2901.0,10.40180832660238,5.48544487231573
1271,24.553,699,814,441,314,714,2484,1865,2901.0,10.40280893343482,5.48544487231573
1272,33.523,556,905,298,349,805,2341,1723,2901.0,10.403809540267257,5.485444872315731
1273,125.581,556,905,298,349,805,2341,1723,2901.0,10.404810147099694,5.48544487231573
1274,72.66,329,667,212,168,567,2151,1570,2901.0,10.40581075393213,5.485444872315729
1275,91.099,480,774,541,608,429,1939,1412,2901.0,10.406811360764568,5.485444872315731
1276,58.236,480,774,541,608,429,1939,1412,2901.0,10.407811967597004,5.48544487231573
1277,84.487,561,420,337,308,75,1749,1270,2901.0,10.408812574429444,5.485444872315731
1278,64.708,807,496,380,351,170,1506,1250,2901.0,10.40981318126188,5.485444872315731
1279,91.639,911,602,479,306,274,1508,1291,2901.0,10.410813788094316,5.48544487231573
1280,88.162,985,676,522,232,348,1532,1346,2901.0,10.411814394926754,5.48544487231573
1281,89.401,1027,931,432,564,203,1269,1218,2901.0,10.413815608591628,5.485444872315729
1282,91.099,1107,853,432,610,251,1190,1215,2901.0,10.414816215424064,5.485444872315731
1283,74.018,1205,754,397,568,280,1092,1125,2901.0,10.415816822256506,5.485444872315731
1284,52.901,1343,616,533,430,413,953,987,2901.0,10.41681742908894,5.48544487231573
1285,65.987,1481,478,414,448,551,971,1004,2901.0,10.417818035921378,5.48544487231573
1286,79.892,1623,395,369,348,693,859,940,2901.0,10.418818642753816,5.485444872315731
1287,82.449,1737,282,384,461,807,972,1053,2901.0,10.419819249586252,5.485444872315729
1288,113.914,1832,187,387,556,902,1011,1109,2901.0,10.420819856418692,5.48544487231573
1289,71.101,2792,823,503,742,692,1005,1643,2901.0,10.425822890580875,5.485444872315729
1290,78.154,2823,547,227,467,417,729,1675,2901.0,10.426823497413313,5.485444872315731
1291,100.489,2829,468,184,387,337,650,1690,2901.0,10.427824104245753,5.48544487231573
1292,79.952,2812,391,312,370,320,633,1673,2901.0,10.42882471107819,5.485444872315729
1293,69.084,2971,323,194,323,479,791,1832,2901.0,10.429825317910625,5.485444872315731
1294,69.923,2971,323,194,323,479,791,1832,2901.0,10.430825924743067,5.48544487231573
1295,66.149,3092,99,69,99,601,913,1954,2901.0,10.431826531575501,5.48544487231573
1296,61.687,3029,29,0,29,532,850,1890,2901.0,10.432827138407939,5.48544487231573
1297,78.835,3130,51,140,378,281,1042,1907,2901.0,10.434828352072813,5.48544487231573
1298,48.797,3181,0,89,327,230,1093,1958,2901.0,10.435828958905251,5.48544487231573
1299,58.313,3717,554,554,545,582,1906,2490,2901.0,10.436829565737689,5.485444872315731
1300,94.276,3305,142,142,165,62,1386,2082,2901.0,10.437830172570125,5.485444872315729
1301,127.759,3338,175,175,166,203,1527,2111,2901.0,10.438830779402565,5.48544487231573
1302,121.945,3338,175,175,166,203,1527,2111,2901.0,10.439831386235,5.485444872315729
1303,97.832,3271,240,356,388,248,1748,2040,2901.0,10.440831993067436,5.485444872315731
1304,82.529,3510,479,595,627,487,1987,2279,2901.0,10.442833206732312,5.485444872315729
1305,69.883,3684,274,321,801,661,2161,2311,2901.0,10.443833813564748,5.48544487231573
1306,103.026,3684,274,321,801,661,2161,2311,2901.0,10.444834420397186,5.48544487231573
1307,115.592,4380,510,375,1586,508,2946,2762,2901.0,10.449837454559374,5.485444872315731
1308,13.265,4653,501,639,1914,372,3326,3035,2901.0,10.452839275056684,5.48544487231573
1309,41.354,4653,501,639,1914,372,3326,3035,2901.0,10.453839881889124,5.48544487231573
1310,31.965,1889,490,695,1271,1705,3662,2854,2901.0,10.393794763962761,5.484634681316526
1311,79.632,1935,443,649,1225,1659,3709,2900,2901.0,10.394795369956885,5.4846346813165265
1312,54.66,1449,962,594,1092,1347,3222,2456,2901.0,10.396796581945134,5.4846346813165265
1313,129.976,1328,900,511,1009,1264,3102,2336,2901.0,10.39779718793926,5.4846346813165265
1314,126.46,1328,900,511,1009,1264,3102,2336,2901.0,10.398797793933385,5.484634681316527
1315,99.51,978,1567,764,760,1461,2751,1985,2901.0,10.399798399927507,5.4846346813165265
1316,123.443,944,1533,730,726,1427,2718,1951,2901.0,10.40079900592163,5.484634681316526
1317,57.396,556,905,298,349,805,2341,1723,2901.0,10.403800823904003,5.4846346813165265
1318,100.469,556,905,298,349,805,2341,1723,2901.0,10.404801429898127,5.4846346813165265
1319,106.361,257,789,116,289,580,2079,1498,2901.0,10.405802035892252,5.484634681316526
1320,82.948,157,784,217,280,486,1986,1404,2901.0,10.406802641886374,5.4846346813165265
1321,101.548,321,660,382,449,315,1825,1273,2901.0,10.4078032478805,5.4846346813165265
1322,83.408,455,552,443,440,207,1691,1164,2901.0,10.408803853874623,5.484634681316526
1323,73.659,807,496,380,351,170,1506,1250,2901.0,10.409804459868745,5.484634681316526
1324,60.153,820,521,405,376,183,1491,1225,2901.0,10.41080506586287,5.4846346813165265
1325,91.619,881,959,362,457,350,1318,1147,2901.0,10.41280627785112,5.4846346813165265
1326,95.954,957,994,384,506,273,1310,1170,2901.0,10.413806883845245,5.484634681316527
1327,80.611,1031,929,428,561,200,1266,1214,2901.0,10.414807489839367,5.484634681316526
1328,84.427,1264,897,286,487,132,1161,1072,2901.0,10.41580809583349,5.4846346813165265
1329,69.004,1403,556,492,370,473,893,927,2901.0,10.416808701827614,5.484634681316527
1330,82.269,1498,554,504,275,568,798,831,2901.0,10.417809307821738,5.4846346813165265
1331,89.901,1606,480,430,263,670,774,854,2901.0,10.418809913815863,5.4846346813165265
1332,76.755,1994,387,587,573,723,810,908,2901.0,10.42081112580411,5.4846346813165265
1333,68.744,1955,464,642,496,646,733,831,2901.0,10.421811731798238,5.4846346813165265
1334,93.816,2285,696,584,697,584,474,1136,2901.0,10.423812943786483,5.484634681316526
1335,74.358,2285,696,584,697,584,474,1136,2901.0,10.424813549780607,5.484634681316526
1336,17.501,2792,823,503,742,692,1005,1643,2901.0,10.42581415577473,5.4846346813165265
1337,100.189,2782,421,231,340,290,603,1643,2901.0,10.427815367762978,5.484634681316526
1338,95.295,2736,345,307,294,244,557,1597,2901.0,10.428815973757102,5.4846346813165265
1339,66.427,2753,197,383,311,261,574,1614,2901.0,10.429816579751227,5.4846346813165265
1340,75.496,2893,219,248,219,401,714,1754,2901.0,10.43081718574535,5.484634681316526
1341,73.399,2867,132,162,132,375,688,1728,2901.0,10.431817791739476,5.4846346813165265
1342,41.329,3000,0,29,0,503,821,1861,2901.0,10.4328183977336,5.4846346813165265
1343,76.715,2985,196,232,306,424,903,1762,2901.0,10.433819003727724,5.4846346813165265
1344,70.082,3023,158,246,344,386,941,1800,2901.0,10.434819609721846,5.4846346813165265
1345,67.337,3174,9,95,327,233,1093,1951,2901.0,10.43582021571597,5.4846346813165265
1346,57.916,3146,4,4,235,143,1184,1923,2901.0,10.436820821710096,5.4846346813165265
1347,77.634,3227,87,87,146,53,1271,2004,2901.0,10.437821427704218,5.4846346813165265
1348,121.645,3171,12,12,20,92,1411,1946,2901.0,10.43882203369834,5.4846346813165265
1349,83.228,3293,184,184,176,212,1536,2062,2901.0,10.439822639692466,5.4846346813165265
1350,101.288,3271,240,356,388,248,1748,2040,2901.0,10.44082324568659,5.4846346813165265
1351,92.246,3571,386,433,689,549,2049,2240,2901.0,10.443825063668962,5.484634681316526
1352,45.45,3592,365,413,709,569,2069,2220,2901.0,10.444825669663086,5.4846346813165265
1353,51.843,3958,0,530,1075,662,2435,2354,2901.0,10.445826275657211,5.484634681316527
1354,119.268,4010,51,478,1127,610,2487,2406,2901.0,10.446826881651333,5.484634681316526
1355,79.212,4072,113,416,1189,549,2549,2467,2901.0,10.447827487645458,5.4846346813165265
1356,40.555,4202,332,197,1408,330,2768,2584,2901.0,10.44882809363958,5.4846346813165265
1357,88.562,4202,332,197,1408,330,2768,2584,2901.0,10.449828699633704,5.484634681316526
1358,35.581,4327,380,312,1587,239,2987,2708,2901.0,10.450829305627828,5.4846346813165265
1359,74.238,4327,380,312,1587,239,2987,2708,2901.0,10.451829911621955,5.484634681316527
1360,67.585,4653,501,639,1914,372,3326,3035,2901.0,10.452830517616077,5.4846346813165265
1361,87.363,4700,454,686,1961,419,3373,3082,2901.0,10.453831123610202,5.4846346813165265
1362,46.968,1992,839,547,1620,2054,3766,2957,2901.0,10.391784846977396,5.483824490738624
1363,98.671,1925,772,613,1554,1988,3699,2891,2901.0,10.392785452133332,5.483824490738624
1364,66.127,1785,632,594,1413,1847,3559,2750,2901.0,10.393786057289269,5.483824490738624
1365,0.34,1449,962,594,1092,1347,3222,2456,2901.0,10.396787872757079,5.483824490738624
1366,16.022,1288,1023,464,1070,1387,3062,2296,2901.0,10.397788477913014,5.483824490738624
1367,67.485,1189,1081,483,971,1371,2962,2196,2901.0,10.398789083068952,5.483824490738623
1368,60.673,1089,1140,503,871,1355,2863,2096,2901.0,10.399789688224887,5.483824490738624
1369,59.654,883,1346,554,665,1366,2657,1890,2901.0,10.400790293380824,5.483824490738624
1370,81.47,732,1321,517,514,1215,2505,1739,2901.0,10.401790898536762,5.483824490738625
1371,99.33,640,1229,426,422,1123,2414,1676,2901.0,10.402791503692697,5.483824490738624
1372,41.194,528,1107,304,310,1001,2302,1641,2901.0,10.403792108848632,5.483824490738624
1373,52.562,458,1003,200,251,897,2243,1624,2901.0,10.404792714004568,5.483824490738624
1374,49.465,346,830,28,218,669,2161,1560,2901.0,10.405793319160507,5.483824490738624
1375,64.668,43,898,331,327,593,1963,1381,2901.0,10.406793924316446,5.483824490738624
1376,69.303,131,829,349,343,505,1896,1314,2901.0,10.40779452947238,5.483824490738625
1377,75.117,381,756,524,392,411,1713,1131,2901.0,10.408795134628313,5.483824490738624
1378,81.09,772,657,543,420,320,1354,1087,2901.0,10.410796344940186,5.483824490738625
1379,73.139,729,808,512,350,289,1267,1042,2901.0,10.411796950096125,5.483824490738624
1380,91.079,833,912,408,417,346,1295,1109,2901.0,10.41279755525206,5.483824490738624
1381,87.044,888,967,354,449,343,1311,1139,2901.0,10.413798160407998,5.483824490738624
1382,81.01,1231,1029,228,361,0,1123,1014,2901.0,10.414798765563933,5.483824490738624
1383,74.018,1269,978,232,412,51,1123,1018,2901.0,10.41579937071987,5.483824490738624
1384,74.278,1528,558,507,245,598,768,801,2901.0,10.417800581031743,5.483824490738624
1385,85.865,1623,576,534,189,596,709,781,2901.0,10.41880118618768,5.483824490738624
1386,51.963,1696,516,516,212,516,603,701,2901.0,10.419801791343616,5.483824490738624
1387,66.387,1955,445,623,515,666,753,851,2901.0,10.420802396499552,5.483824490738624
1388,82.249,1955,464,642,496,646,733,831,2901.0,10.421803001655489,5.483824490738624
1389,68.544,2150,642,529,654,529,420,1002,2901.0,10.422803606811424,5.483824490738623
1390,97.033,2218,669,556,676,556,447,1069,2901.0,10.423804211967362,5.483824490738624
1391,100.309,2285,696,584,697,584,474,1136,2901.0,10.424804817123297,5.483824490738624
1392,94.995,2610,283,404,168,118,430,1471,2901.0,10.428807237747044,5.483824490738624
1393,76.575,2743,197,383,301,251,564,1604,2901.0,10.42980784290298,5.483824490738624
1394,88.043,2784,99,289,260,292,605,1645,2901.0,10.430808448058917,5.483824490738624
1395,75.556,2812,127,244,215,290,638,1673,2901.0,10.431809053214852,5.483824490738625
1396,58.926,2920,150,179,150,396,746,1784,2901.0,10.432809658370788,5.483824490738624
1397,80.391,2981,199,228,310,426,906,1758,2901.0,10.433810263526727,5.483824490738624
1398,86.924,2908,272,155,383,499,979,1685,2901.0,10.43481086868266,5.483824490738624
1399,90.002,3039,111,111,272,249,1258,1816,2901.0,10.435811473838596,5.483824490738624
1400,30.067,3039,107,111,265,249,1265,1816,2901.0,10.436812078994535,5.483824490738624
1401,83.408,3052,132,132,140,190,1427,1829,2901.0,10.43781268415047,5.483824490738624
1402,66.431,3171,23,23,0,103,1417,1945,2901.0,10.438813289306406,5.483824490738624
1403,72.66,3031,0,116,160,8,1573,1799,2901.0,10.439813894462345,5.483824490738624
1404,77.574,3180,149,266,297,158,1658,1949,2901.0,10.440814499618279,5.483824490738624
1405,98.158,3707,265,320,841,498,2201,2088,2901.0,10.443816315086089,5.483824490738624
1406,71.18,3707,265,320,841,498,2201,2088,2901.0,10.444816920242024,5.483824490738624
1407,67.834,3958,0,530,1075,662,2435,2354,2901.0,10.445817525397963,5.483824490738624
1408,95.354,3958,51,478,1124,610,2487,2354,2901.0,10.446818130553897,5.483824490738624
1409,95.674,3902,397,217,1124,549,2536,2283,2901.0,10.447818735709834,5.483824490738624
1410,87.004,4117,292,112,1339,415,2752,2499,2901.0,10.44881934086577,5.483824490738624
1411,78.433,4232,346,217,1492,206,2892,2613,2901.0,10.449819946021707,5.483824490738624
1412,38.437,4232,346,217,1492,206,2892,2613,2901.0,10.450820551177644,5.483824490738624
1413,111.397,4448,307,434,1709,167,3121,2830,2901.0,10.451821156333581,5.483824490738625
1414,21.436,4481,340,467,1742,199,3154,2863,2901.0,10.452821761489515,5.483824490738624
1415,39.376,4649,316,989,2157,657,3575,3038,2901.0,10.453822366645454,5.483824490738624
1416,21.656,4649,316,989,2157,657,3575,3038,2901.0,10.45482297180139,5.483824490738624
1417,6.433,2154,1000,540,1782,2216,3927,3075,2901.0,10.390775538968766,5.483014300581964
1418,31.865,2046,893,547,1674,2108,3819,3011,2901.0,10.39177614328664,5.483014300581964
1419,29.387,2046,893,493,1674,2108,3819,3011,2901.0,10.392776747604515,5.483014300581964
1420,94.336,1804,651,575,1432,1867,3578,2770,2901.0,10.393777351922388,5.483014300581963
1421,28.309,1415,963,507,1197,1561,3189,2381,2901.0,10.39577856055814,5.483014300581964
1422,1.918,1415,963,507,1197,1561,3189,2381,2901.0,10.396779164876014,5.483014300581963
1423,0.08,1208,1103,384,990,1468,2982,2215,2901.0,10.397779769193887,5.483014300581964
1424,71.841,1208,1103,384,990,1468,2982,2215,2901.0,10.39878037351176,5.483014300581964
1425,98.99,1008,1220,428,790,1436,2782,2015,2901.0,10.399780977829636,5.483014300581963
1426,79.932,890,1338,546,672,1374,2664,1898,2901.0,10.40078158214751,5.483014300581963
1427,74.338,732,1321,517,514,1215,2505,1739,2901.0,10.401782186465384,5.483014300581964
1428,80.651,671,1260,457,453,1154,2445,1694,2901.0,10.402782790783261,5.483014300581963
1429,109.978,564,1153,350,346,1047,2338,1634,2901.0,10.403783395101135,5.483014300581963
1430,67.825,335,914,77,129,775,2120,1502,2901.0,10.40478399941901,5.483014300581964
1431,28.808,248,977,147,116,751,2067,1463,2901.0,10.405784603736883,5.483014300581963
1432,51.303,191,1110,329,159,786,1919,1329,2901.0,10.406785208054758,5.483014300581963
1433,76.795,98,1013,427,255,688,1821,1240,2901.0,10.407785812372632,5.483014300581964
1434,78.653,381,756,524,392,411,1713,1131,2901.0,10.408786416690507,5.483014300581964
1435,99.889,428,780,689,439,435,1491,910,2901.0,10.409787021008382,5.483014300581963
1436,95.015,611,814,630,375,298,1308,918,2901.0,10.410787625326256,5.483014300581963
1437,72.979,676,764,565,315,237,1248,984,2901.0,10.411788229644129,5.483014300581963
1438,100.509,736,816,505,342,281,1259,1034,2901.0,10.412788833962006,5.483014300581964
1439,86.504,1183,997,159,281,79,1084,945,2901.0,10.414790042597756,5.483014300581964
1440,85.445,1315,960,134,336,161,991,920,2901.0,10.415790646915632,5.483014300581963
1441,106.802,1661,735,487,249,572,735,757,2901.0,10.416791251233505,5.483014300581964
1442,103.306,1679,650,497,164,487,650,672,2901.0,10.417791855551378,5.483014300581963
1443,82.168,1694,602,562,79,486,602,670,2901.0,10.418792459869252,5.483014300581963
1444,55.399,1696,516,516,212,516,603,701,2901.0,10.419793064187127,5.483014300581963
1445,73.019,1882,536,561,411,561,648,746,2901.0,10.420793668505004,5.483014300581963
1446,32.045,1882,536,574,424,574,661,759,2901.0,10.421794272822877,5.483014300581963
1447,23.434,2150,642,529,654,529,420,1002,2901.0,10.422794877140753,5.483014300581964
1448,83.148,2190,602,489,614,489,380,1042,2901.0,10.423795481458624,5.483014300581963
1449,83.568,2610,283,404,168,118,430,1471,2901.0,10.428798503048,5.483014300581964
1450,71.841,2591,102,438,148,106,418,1455,2901.0,10.429799107365874,5.483014300581963
1451,70.762,2689,4,340,246,204,516,1553,2901.0,10.430799711683752,5.483014300581964
1452,66.027,2752,132,314,284,241,651,1652,2901.0,10.431800316001624,5.483014300581964
1453,85.925,2871,280,264,280,325,876,1806,2901.0,10.432800920319497,5.483014300581963
1454,88.841,2846,312,250,312,296,908,1780,2901.0,10.433801524637373,5.483014300581963
1455,57.343,2831,199,77,461,457,1056,1608,2901.0,10.434802128955248,5.483014300581964
1456,83.418,2824,22,143,356,427,1278,1601,2901.0,10.435802733273121,5.483014300581963
1457,85.086,2951,174,211,219,291,1430,1728,2901.0,10.436803337590996,5.483014300581963
1458,47.627,3009,154,154,162,233,1459,1786,2901.0,10.437803941908873,5.483014300581964
1459,71.984,2914,116,0,261,107,1612,1683,2901.0,10.438804546226743,5.483014300581963
1460,91.978,3046,24,132,177,24,1592,1815,2901.0,10.43980515054462,5.483014300581963
1461,55.514,3143,129,229,274,0,1692,1810,2901.0,10.440805754862494,5.483014300581963
1462,52.927,3239,217,325,370,156,1785,1806,2901.0,10.44180635918037,5.483014300581963
1463,58.618,3351,330,382,481,209,1897,1816,2901.0,10.442806963498242,5.483014300581964
1464,72.839,3707,265,320,841,498,2201,2088,2901.0,10.443807567816119,5.483014300581963
1465,74.766,3640,496,0,862,390,2274,2021,2901.0,10.444808172133992,5.483014300581963
1466,58.315,3902,397,217,1124,549,2536,2283,2901.0,10.446809380769741,5.483014300581963
1467,85.605,3879,315,135,1139,467,2552,2260,2901.0,10.447809985087616,5.483014300581963
1468,74.386,4020,187,6,1281,325,2693,2402,2901.0,10.44881058940549,5.483014300581963
1469,77.874,4170,292,156,1431,176,2843,2552,2901.0,10.449811193723365,5.483014300581963
1470,71.161,4302,184,287,1563,44,2975,2683,2901.0,10.450811798041242,5.483014300581964
1471,50.664,4314,173,299,1574,32,2987,2695,2901.0,10.451812402359117,5.483014300581963
1472,58.875,4558,225,898,2066,566,3484,2947,2901.0,10.453813610994866,5.483014300581963
1473,40.216,4558,225,898,2066,566,3484,2947,2901.0,10.454814215312739,5.483014300581964
1474,23.174,2688,1726,622,2451,2941,4462,3365,2901.0,10.386764423502541,5.482204110846479
1475,18.659,2688,1726,622,2451,2941,4462,3365,2901.0,10.387765026982478,5.48220411084648
1476,11.108,2154,1000,540,1782,2216,3927,3075,2901.0,10.390766837422293,5.482204110846479
1477,104.145,2154,1000,540,1782,2216,3927,3075,2901.0,10.391767440902232,5.482204110846479
1478,31.845,2060,907,405,1689,2123,3834,2940,2901.0,10.392768044382173,5.482204110846479
1479,17.461,1416,1306,508,1198,1807,3189,2381,2901.0,10.395769854821989,5.482204110846479
1480,102.746,1416,1306,508,1198,1807,3189,2381,2901.0,10.396770458301926,5.482204110846479
1481,40.156,1244,1134,336,1026,1635,3018,2210,2901.0,10.397771061781864,5.482204110846479
1482,61.892,1178,1200,270,960,1581,2952,2144,2901.0,10.398771665261803,5.48220411084648
1483,57.616,543,1274,437,325,1074,2317,1512,2901.0,10.402774079181556,5.482204110846479
1484,85.066,485,1216,379,267,1016,2259,1481,2901.0,10.403774682661496,5.48220411084648
1485,93.097,364,1094,258,107,895,2099,1437,2901.0,10.404775286141435,5.48220411084648
1486,68.444,295,1026,189,0,804,1991,1373,2901.0,10.405775889621374,5.482204110846479
1487,51.683,288,1086,313,62,741,1868,1274,2901.0,10.406776493101313,5.482204110846479
1488,79.252,183,976,422,172,631,1759,1177,2901.0,10.407777096581249,5.482204110846479
1489,78.513,255,882,516,266,537,1664,1082,2901.0,10.408777700061187,5.482204110846479
1490,93.277,353,856,614,364,511,1567,985,2901.0,10.40977830354113,5.482204110846479
1491,67.545,536,861,705,451,373,1384,852,2901.0,10.410778907021069,5.48220411084648
1492,106.842,752,843,545,235,157,1168,908,2901.0,10.411779510501004,5.482204110846478
1493,84.327,758,840,540,230,152,1163,913,2901.0,10.412780113980943,5.482204110846479
1494,88.083,1099,866,159,150,167,1028,842,2901.0,10.413780717460883,5.482204110846479
1495,89.481,1134,918,107,202,158,1064,893,2901.0,10.41478132094082,5.482204110846479
1496,80.191,1250,889,25,227,203,982,811,2901.0,10.41578192442076,5.482204110846478
1497,85.086,1661,735,487,249,572,735,757,2901.0,10.416782527900699,5.48220411084648
1498,101.328,1646,546,426,214,383,546,568,2901.0,10.417783131380636,5.482204110846479
1499,85.312,1774,523,535,0,407,523,591,2901.0,10.418783734860574,5.482204110846479
1500,67.266,1808,314,314,315,314,401,499,2901.0,10.419784338340513,5.482204110846479
1501,22.196,1882,0,0,389,0,475,573,2901.0,10.421785545300391,5.482204110846479
1502,59.294,2183,458,70,471,346,236,874,2901.0,10.423786752260268,5.482204110846479
1503,79.952,2183,458,70,471,346,236,874,2901.0,10.424787355740209,5.482204110846479
1504,63.47,2260,369,123,381,256,147,951,2901.0,10.425787959220147,5.48220411084648
1505,80.95,2244,261,149,211,149,64,1105,2901.0,10.426788562700084,5.482204110846479
1506,78.793,2244,261,149,211,149,64,1105,2901.0,10.427789166180021,5.482204110846479
1507,92.258,2467,225,378,24,25,294,1331,2901.0,10.428789769659963,5.482204110846479
1508,71.741,2486,200,403,42,7,318,1352,2901.0,10.429790373139902,5.482204110846479
1509,94.416,2698,278,365,381,148,797,1633,2901.0,10.431791580099778,5.482204110846479
1510,71.441,2852,332,211,374,277,951,1741,2901.0,10.432792183579716,5.482204110846479
1511,92.901,2861,324,202,383,268,960,1732,2901.0,10.433792787059655,5.482204110846479
1512,61.745,2753,121,0,455,470,1134,1530,2901.0,10.43479339053959,5.482204110846479
1513,92.578,2691,184,62,518,458,1197,1467,2901.0,10.435793994019528,5.482204110846478
1514,79.672,2764,173,265,411,483,1407,1541,2901.0,10.436794597499468,5.482204110846479
1515,99.25,2839,229,311,332,404,1485,1616,2901.0,10.437795200979407,5.482204110846479
1516,67.132,2858,172,55,317,163,1667,1627,2901.0,10.438795804459346,5.482204110846479
1517,101.048,2914,116,0,261,107,1612,1683,2901.0,10.439796407939285,5.482204110846479
1518,90.48,3073,227,158,372,97,1761,1742,2901.0,10.440797011419225,5.482204110846479
1519,34.571,3213,302,299,447,172,1864,1637,2901.0,10.44179761489916,5.482204110846479
1520,92.764,3375,358,359,506,231,1923,1823,2901.0,10.4427982183791,5.482204110846479
1521,94.156,3509,476,223,638,335,2051,1924,2901.0,10.443798821859039,5.482204110846479
1522,103.705,3543,404,136,726,314,2138,1925,2901.0,10.444799425338978,5.482204110846479
1523,94.156,3739,311,82,1000,455,2412,2121,2901.0,10.445800028818917,5.48220411084648
1524,75.197,3780,276,41,1041,449,2453,2162,2901.0,10.446800632298855,5.48220411084648
1525,53.587,3822,240,0,1082,444,2495,2203,2901.0,10.447801235778794,5.482204110846479
1526,115.093,4248,207,399,1548,67,2960,2637,2901.0,10.45080304621861,5.482204110846479
1527,87.276,4315,140,332,1607,0,3019,2704,2901.0,10.45180364969855,5.482204110846479
1528,78.913,4456,0,472,1747,140,3160,2845,2901.0,10.452804253178485,5.482204110846479
1529,61.252,4471,138,811,1980,479,3397,2860,2901.0,10.453804856658426,5.48220411084648
1530,75.916,4498,165,838,2006,506,3424,2887,2901.0,10.454805460138363,5.48220411084648
1531,11.847,2688,1726,622,2451,2941,4462,3365,2901.0,10.38675572661353,5.481393921532108
1532,21.436,2688,1726,622,2451,2941,4462,3365,2901.0,10.387756329255657,5.481393921532108
1533,45.829,2223,1070,366,1852,2286,3997,3104,2901.0,10.390758137182045,5.481393921532109
1534,75.317,2173,1020,316,1802,2236,3947,3054,2901.0,10.391758739824171,5.481393921532109
1535,81.31,2035,882,380,1663,2098,3809,2915,2901.0,10.3927593424663,5.481393921532109
1536,97.632,1184,1264,206,966,1638,2958,2079,2901.0,10.398762958319072,5.481393921532109
1537,6.353,1232,1471,0,1014,1763,3006,2125,2901.0,10.399763560961198,5.481393921532109
1538,48.606,1232,1471,0,1014,1763,3006,2125,2901.0,10.400764163603327,5.481393921532109
1539,108.7,609,1340,296,391,1140,2383,1515,2901.0,10.402765368887582,5.48139392153211
1540,83.568,501,1232,366,283,1032,2275,1447,2901.0,10.40376597152971,5.481393921532109
1541,105.563,473,1203,283,177,1003,2168,1341,2901.0,10.404766574171843,5.481393921532109
1542,95.335,349,1080,243,53,880,2045,1319,2901.0,10.40576717681397,5.481393921532109
1543,87.124,395,1188,308,240,843,1971,1097,2901.0,10.406767779456096,5.481393921532109
1544,82.988,395,1188,308,240,843,1971,1097,2901.0,10.407768382098224,5.481393921532108
1545,78.813,644,981,740,567,522,1491,694,2901.0,10.409769587382483,5.481393921532109
1546,64.509,689,990,695,555,538,1478,649,2901.0,10.410770190024612,5.481393921532109
1547,71.781,904,779,392,82,5,1015,756,2901.0,10.412771395308866,5.481393921532109
1548,101.088,1048,788,238,72,88,981,764,2901.0,10.413771997950995,5.481393921532109
1549,97.492,1208,762,100,100,206,856,684,2901.0,10.414772600593123,5.481393921532109
1550,88.582,1223,811,52,149,254,904,733,2901.0,10.415773203235252,5.481393921532108
1551,84.546,1397,789,176,322,369,789,811,2901.0,10.41677380587738,5.481393921532109
1552,90.62,1538,654,317,323,441,654,676,2901.0,10.417774408519508,5.481393921532109
1553,93.157,1632,440,509,279,278,440,462,2901.0,10.418775011161637,5.481393921532109
1554,84.926,1808,314,314,315,314,401,499,2901.0,10.419775613803765,5.481393921532109
1555,25.723,1709,173,173,216,173,302,399,2901.0,10.420776216445896,5.481393921532109
1556,48.408,1882,0,0,389,0,475,573,2901.0,10.421776819088022,5.48139392153211
1557,46.025,2137,414,0,504,380,270,828,2901.0,10.423778024372279,5.481393921532109
1558,80.93,2198,391,61,443,318,208,889,2901.0,10.424778627014408,5.481393921532108
1559,78.403,2273,203,91,216,91,43,974,2901.0,10.425779229656538,5.481393921532109
1560,53.232,2270,241,129,216,129,38,1083,2901.0,10.426779832298665,5.481393921532109
1561,82.928,2235,269,156,208,156,73,1102,2901.0,10.427780434940791,5.481393921532109
1562,100.509,2786,366,436,469,34,885,1721,2901.0,10.431782845509305,5.481393921532108
1563,78.293,2902,365,244,425,226,1002,1699,2901.0,10.432783448151433,5.481393921532109
1564,121.346,2902,365,244,425,226,1002,1699,2901.0,10.433784050793562,5.481393921532109
1565,110.917,2691,184,62,518,458,1197,1467,2901.0,10.434784653435692,5.481393921532109
1566,66.267,2603,243,150,573,462,1285,1380,2901.0,10.435785256077818,5.481393921532109
1567,72.899,2705,323,292,466,527,1426,1482,2901.0,10.436785858719949,5.48139392153211
1568,82.029,2738,292,175,437,283,1676,1507,2901.0,10.437786461362077,5.481393921532109
1569,65.767,2758,272,156,417,264,1668,1527,2901.0,10.438787064004204,5.481393921532109
1570,80.511,3054,246,139,392,117,1751,1726,2901.0,10.439787666646334,5.481393921532109
1571,98.431,3054,246,139,392,117,1751,1726,2901.0,10.44078826928846,5.481393921532109
1572,72.919,3177,381,307,526,251,1919,1558,2901.0,10.441788871930589,5.481393921532109
1573,58.196,3298,501,340,649,340,2060,1680,2901.0,10.44278947457272,5.481393921532108
1574,76.236,3373,555,211,744,211,2162,1755,2901.0,10.443790077214846,5.481393921532109
1575,51.854,3503,359,136,772,253,2190,1885,2901.0,10.444790679856974,5.481393921532109
1576,45.797,3623,218,198,918,352,2331,2005,2901.0,10.445791282499103,5.481393921532109
1577,78.37,3633,205,189,942,348,2354,2014,2901.0,10.44679188514123,5.481393921532109
1578,73.359,3822,240,0,1082,444,2495,2203,2901.0,10.447792487783358,5.481393921532109
1579,117.51,4013,10,191,1312,236,2725,2402,2901.0,10.448793090425486,5.481393921532109
1580,96.393,4023,0,180,1323,246,2735,2412,2901.0,10.449793693067617,5.481393921532109
1581,72.72,4210,491,762,1719,433,3136,2599,2901.0,10.450794295709747,5.481393921532109
1582,88.342,4456,0,472,1747,140,3160,2845,2901.0,10.452795500994,5.481393921532108
1583,105.923,4471,138,811,1980,479,3397,2860,2901.0,10.453796103636131,5.481393921532109
1584,65.052,4471,138,811,1980,479,3397,2860,2901.0,10.454796706278257,5.48139392153211
1585,54.02,2465,1502,398,2227,2718,4239,3141,2901.0,10.388748234639113,5.48058373263879
1586,35.221,2173,1020,316,1802,2236,3947,3054,2901.0,10.390749438247997,5.480583732638791
1587,93.716,2173,1020,316,1802,2236,3947,3054,2901.0,10.391750040052443,5.48058373263879
1588,100.189,1417,1503,410,1199,1913,3191,2301,2901.0,10.396753049074663,5.48058373263879
1589,121.206,1357,1491,338,1139,1888,3131,2228,2901.0,10.397753650879109,5.480583732638791
1590,75.796,1106,1345,126,888,1637,2880,1999,2901.0,10.398754252683553,5.480583732638791
1591,18.46,1044,1406,151,826,1575,2818,1937,2901.0,10.399754854487991,5.480583732638791
1592,58.615,893,1355,0,675,1424,2667,1786,2901.0,10.400755456292437,5.480583732638791
1593,108.54,704,1435,189,486,1235,2478,1597,2901.0,10.401756058096883,5.480583732638791
1594,92.638,679,1410,353,461,1187,2453,1433,2901.0,10.402756659901327,5.48058373263879
1595,80.551,643,1374,302,401,1107,2393,1353,2901.0,10.40375726170577,5.480583732638791
1596,71.021,587,1318,201,298,1006,2290,1251,2901.0,10.404757863510213,5.480583732638791
1597,79.128,431,1162,187,135,962,2127,1237,2901.0,10.405758465314658,5.48058373263879
1598,72.5,395,1188,308,240,843,1971,1097,2901.0,10.406759067119102,5.48058373263879
1599,86.005,395,1188,308,240,843,1971,1097,2901.0,10.407759668923546,5.480583732638791
1600,87.923,812,1075,594,679,512,1602,633,2901.0,10.408760270727988,5.48058373263879
1601,95.434,771,981,613,558,531,1481,618,2901.0,10.409760872532434,5.480583732638791
1602,81.889,790,870,616,435,418,1358,562,2901.0,10.41076147433688,5.480583732638792
1603,73.079,873,615,447,137,120,1060,574,2901.0,10.411762076141322,5.480583732638791
1604,84.626,922,627,398,88,71,1011,604,2901.0,10.412762677945766,5.48058373263879
1605,73.07,987,699,326,18,16,933,686,2901.0,10.41376327975021,5.480583732638791
1606,58.386,1177,687,176,25,130,780,609,2901.0,10.414763881554654,5.48058373263879
1607,67.7,1208,762,100,100,206,856,684,2901.0,10.415764483359098,5.48058373263879
1608,105.303,1436,749,216,362,373,749,771,2901.0,10.416765085163542,5.48058373263879
1609,79.991,1490,632,333,383,469,632,654,2901.0,10.417765686967982,5.48058373263879
1610,98.171,1687,325,449,194,162,325,347,2901.0,10.41876628877243,5.480583732638791
1611,72.973,1682,200,200,189,188,275,373,2901.0,10.419766890576874,5.480583732638791
1612,45.028,1709,173,173,216,173,302,399,2901.0,10.42076749238132,5.48058373263879
1613,55.019,1834,111,302,217,94,111,525,2901.0,10.421768094185762,5.480583732638791
1614,80.224,1932,80,74,74,0,206,633,2901.0,10.422768695990206,5.480583732638791
1615,64.386,2006,135,0,0,74,261,707,2901.0,10.42376929779465,5.48058373263879
1616,91.579,2101,41,95,39,41,155,808,2901.0,10.424769899599093,5.48058373263879
1617,83.199,2245,125,13,115,13,0,958,2901.0,10.425770501403536,5.480583732638791
1618,86.223,2147,267,245,254,245,161,1082,2901.0,10.42677110320798,5.480583732638791
1619,49.965,2820,401,470,503,0,920,1756,2901.0,10.4317741122302,5.48058373263879
1620,104.704,2314,401,365,959,401,1676,1091,2901.0,10.432774714034643,5.48058373263879
1621,28.968,2314,401,365,959,401,1676,1091,2901.0,10.43377531583909,5.48058373263879
1622,126.72,2478,337,275,693,337,1409,1255,2901.0,10.435776519447977,5.48058373263879
1623,46.728,2681,347,268,490,540,1403,1458,2901.0,10.436777121252423,5.480583732638791
1624,86.185,2641,389,273,534,381,1597,1410,2901.0,10.437777723056865,5.480583732638791
1625,51.843,2738,292,175,437,283,1676,1507,2901.0,10.438778324861307,5.48058373263879
1626,100.888,3090,467,392,612,337,1990,1472,2901.0,10.441780130274639,5.480583732638791
1627,65.008,3198,601,258,749,258,2157,1580,2901.0,10.442780732079083,5.480583732638791
1628,126.8,3291,488,126,830,126,2248,1673,2901.0,10.443781333883528,5.480583732638791
1629,87.107,3372,393,122,903,122,2321,1754,2901.0,10.44478193568797,5.480583732638791
1630,32.399,3404,224,153,1075,153,2492,1790,2901.0,10.445782537492413,5.480583732638789
1631,53.761,3561,72,310,1059,225,2477,1944,2901.0,10.44678313929686,5.480583732638791
1632,41.746,3574,62,323,1083,206,2496,1963,2901.0,10.447783741101302,5.480583732638791
1633,128.877,3648,24,397,1157,128,2574,2037,2901.0,10.448784342905748,5.48058373263879
1634,85.386,4136,196,688,1645,359,3062,2525,2901.0,10.45178614831908,5.480583732638792
1635,76.136,4136,196,688,1645,359,3062,2525,2901.0,10.452786750123522,5.480583732638791
1636,72.649,4317,15,657,1825,325,3243,2706,2901.0,10.45378735192797,5.480583732638792
1637,107.161,2183,1220,117,1945,2436,3957,2859,2901.0,10.390740740620151,5.47977354416646
1638,62.091,2183,1220,117,1945,2436,3957,2859,2901.0,10.391741341587037,5.479773544166461
1639,43.592,1357,1491,338,1139,1888,3131,2228,2901.0,10.396744346421464,5.479773544166459
1640,38.857,1357,1491,338,1139,1888,3131,2228,2901.0,10.397744947388349,5.47977354416646
1641,67.965,1044,1406,151,826,1575,2818,1937,2901.0,10.398745548355233,5.47977354416646
1642,99.23,993,1368,100,775,1524,2767,1887,2901.0,10.399746149322121,5.479773544166459
1643,81.71,893,1355,0,675,1424,2667,1786,2901.0,10.400746750289006,5.479773544166459
1644,68.784,679,1410,353,461,1187,2453,1433,2901.0,10.402747952222773,5.479773544166459
1645,113.135,690,1366,243,394,1047,2386,1293,2901.0,10.403748553189661,5.47977354416646
1646,76.176,612,1315,161,316,966,2308,1211,2901.0,10.404749154156544,5.47977354416646
1647,83.947,605,1318,49,282,836,2244,1082,2901.0,10.40574975512343,5.479773544166459
1648,91.798,578,1336,125,367,725,2154,971,2901.0,10.406750356090317,5.47977354416646
1649,84.507,545,1338,158,390,701,2121,946,2901.0,10.407750957057205,5.47977354416646
1650,85.685,813,1069,588,672,506,1596,627,2901.0,10.408751558024088,5.479773544166459
1651,89.521,864,949,519,559,438,1483,530,2901.0,10.409752158990974,5.479773544166459
1652,68.165,874,878,532,479,450,1403,515,2901.0,10.410752759957857,5.47977354416646
1653,59.234,870,666,509,230,214,1153,481,2901.0,10.411753360924743,5.479773544166459
1654,87.343,873,615,447,137,120,1060,574,2901.0,10.41275396189163,5.479773544166459
1655,80.926,1085,614,344,104,0,897,619,2901.0,10.413754562858513,5.47977354416646
1656,36.028,1165,661,201,0,105,755,584,2901.0,10.414755163825399,5.479773544166461
1657,49.624,1304,522,340,139,33,683,464,2901.0,10.415755764792285,5.47977354416646
1658,30.11,1437,483,473,54,166,483,312,2901.0,10.416756365759168,5.47977354416646
1659,62.089,1437,483,473,54,166,483,312,2901.0,10.417756966726055,5.479773544166459
1660,65.278,1623,265,388,134,0,265,217,2901.0,10.418757567692943,5.47977354416646
1661,56.252,1560,198,337,82,61,198,251,2901.0,10.419758168659826,5.479773544166459
1662,72.6,1610,129,393,7,0,129,316,2901.0,10.42075876962671,5.47977354416646
1663,62.497,1749,26,271,139,9,26,450,2901.0,10.421759370593596,5.479773544166459
1664,37.668,1851,15,154,154,0,126,552,2901.0,10.42275997156048,5.47977354416646
1665,68.227,2006,135,0,0,74,261,707,2901.0,10.423760572527367,5.479773544166461
1666,100.389,2059,83,79,71,83,186,771,2901.0,10.424761173494252,5.479773544166459
1667,98.551,2112,84,196,72,84,187,889,2901.0,10.425761774461135,5.47977354416646
1668,95.215,2023,246,349,234,246,285,959,2901.0,10.426762375428021,5.479773544166459
1669,82.888,2228,315,280,995,315,1712,1005,2901.0,10.432765981229334,5.47977354416646
1670,95.554,2228,315,280,995,315,1712,1005,2901.0,10.433766582196219,5.479773544166459
1671,117.89,2332,197,197,843,197,1559,1108,2901.0,10.434767183163107,5.47977354416646
1672,106.982,2397,256,256,774,256,1490,1174,2901.0,10.43576778412999,5.479773544166461
1673,120.107,2470,329,329,705,329,1585,1239,2901.0,10.436768385096876,5.479773544166459
1674,51.044,2616,414,298,560,406,1571,1384,2901.0,10.437768986063762,5.47977354416646
1675,55.339,2927,383,351,776,351,2038,1309,2901.0,10.441771389931302,5.47977354416646
1676,58.775,3085,540,174,908,174,2217,1471,2901.0,10.442771990898187,5.47977354416646
1677,66.167,3217,418,52,904,52,2322,1599,2901.0,10.443772591865072,5.479773544166459
1678,52.162,3259,373,9,956,9,2374,1641,2901.0,10.444773192831958,5.47977354416646
1679,82.728,3400,223,150,1079,150,2496,1789,2901.0,10.445773793798843,5.47977354416646
1680,106.342,3882,258,632,1391,411,2809,2272,2901.0,10.446774394765727,5.479773544166459
1681,86.185,3648,24,397,1157,128,2574,2037,2901.0,10.447774995732612,5.479773544166459
1682,44.651,3776,152,427,1285,0,2702,2165,2901.0,10.448775596699498,5.47977354416646
1683,83.35,3835,207,388,1344,59,2762,2225,2901.0,10.449776197666381,5.479773544166459
1684,85.985,3920,292,472,1429,143,2846,2309,2901.0,10.450776798633267,5.479773544166459
1685,77.914,4050,282,602,1558,273,2976,2439,2901.0,10.451777399600154,5.47977354416646
1686,97.992,4230,290,782,1738,453,3156,2619,2901.0,10.452778000567038,5.479773544166459
1687,60.113,2183,1220,117,1945,2436,3957,2859,2901.0,10.390732044298494,5.478963356115056
1688,80.411,2066,1337,0,1828,2497,3840,2742,2901.0,10.391732644427945,5.478963356115055
1689,79.712,1858,1227,0,1640,2289,3632,2535,2901.0,10.39373384468685,5.478963356115056
1690,81.01,1448,1387,234,1230,1879,3222,2124,2901.0,10.396735645075209,5.478963356115056
1691,44.87,1448,1387,234,1230,1879,3222,2124,2901.0,10.397736245204657,5.478963356115055
1692,47.467,1113,1248,219,895,1543,2886,1789,2901.0,10.398736845334113,5.478963356115055
1693,92.258,1109,1252,216,891,1540,2883,1785,2901.0,10.399737445463566,5.478963356115056
1694,97.532,1045,1203,152,827,1389,2819,1635,2901.0,10.400738045593016,5.478963356115056
1695,82.069,1091,1277,314,795,1226,2671,1472,2901.0,10.40173864572247,5.478963356115056
1696,52.262,896,1182,449,600,1059,2504,1305,2901.0,10.402739245851924,5.478963356115056
1697,66.686,782,1195,335,486,944,2388,1190,2901.0,10.403739845981374,5.478963356115055
1698,77.994,729,1174,275,433,882,2327,1128,2901.0,10.404740446110827,5.478963356115055
1699,80.091,618,1314,0,322,804,2249,1050,2901.0,10.405741046240282,5.478963356115056
1700,90.26,611,1334,92,344,749,2187,995,2901.0,10.406741646369731,5.478963356115056
1701,85.066,545,1338,158,390,701,2121,946,2901.0,10.407742246499183,5.478963356115055
1702,89.841,989,928,395,612,313,1535,434,2901.0,10.40974344675809,5.478963356115056
1703,88.562,935,744,490,308,292,1231,403,2901.0,10.41074404688754,5.478963356115055
1704,63.65,977,724,448,350,334,1273,361,2901.0,10.411744647016992,5.478963356115056
1705,70.814,1077,473,419,95,223,1008,449,2901.0,10.413745847275898,5.478963356115056
1706,34.012,1279,414,361,133,0,785,419,2901.0,10.414746447405351,5.478963356115056
1707,81.568,1345,482,381,179,67,717,444,2901.0,10.415747047534802,5.478963356115055
1708,36.274,1491,505,528,0,175,531,257,2901.0,10.416747647664256,5.478963356115055
1709,38.179,1491,505,528,0,175,531,257,2901.0,10.417748247793707,5.478963356115056
1710,25.053,1548,329,491,0,0,355,82,2901.0,10.41874884792316,5.478963356115055
1711,76.548,1570,244,383,115,39,244,208,2901.0,10.419749448052611,5.478963356115055
1712,80.391,1472,253,410,145,0,253,251,2901.0,10.420750048182065,5.478963356115056
1713,51.024,1736,461,573,409,264,0,515,2901.0,10.421750648311518,5.478963356115056
1714,56.278,1736,461,573,409,264,0,515,2901.0,10.42275124844097,5.478963356115055
1715,65.927,1813,577,370,564,483,644,599,2901.0,10.423751848570422,5.478963356115056
1716,80.251,2061,136,248,123,136,238,840,2901.0,10.424752448699875,5.478963356115056
1717,81.23,2061,136,248,123,136,238,840,2901.0,10.425753048829328,5.478963356115055
1718,88.362,1989,251,363,239,251,319,925,2901.0,10.42675364895878,5.478963356115055
1719,93.217,1683,681,140,1114,711,1235,1215,2901.0,10.428754849217684,5.478963356115055
1720,99.17,1728,638,223,1160,756,1318,1298,2901.0,10.429755449347136,5.478963356115055
1721,119.967,2031,331,354,1202,182,1887,869,2901.0,10.43175664960604,5.478963356115055
1722,79.852,2151,238,203,1023,238,1740,928,2901.0,10.432757249735491,5.478963356115055
1723,66.347,2196,193,193,978,193,1694,973,2901.0,10.433757849864948,5.478963356115056
1724,73.619,2332,197,197,843,197,1559,1108,2901.0,10.4347584499944,5.478963356115056
1725,76.176,2301,161,161,874,161,1619,1078,2901.0,10.435759050123853,5.478963356115056
1726,83.568,2429,288,288,747,288,1627,1197,2901.0,10.436759650253304,5.478963356115055
1727,51.683,2820,277,411,883,437,2146,1205,2901.0,10.440762050771113,5.478963356115055
1728,21.416,2921,377,346,782,346,2044,1303,2901.0,10.441762650900564,5.478963356115056
1729,12.286,3081,536,169,958,169,2221,1470,2901.0,10.442763251030017,5.478963356115055
1730,42.053,3081,536,169,958,169,2221,1470,2901.0,10.443763851159469,5.478963356115056
1731,43.891,3882,258,632,1391,411,2809,2272,2901.0,10.445765051418377,5.478963356115055
1732,97.113,3782,158,532,1291,311,2708,2171,2901.0,10.446765651547828,5.478963356115055
1733,44.77,3782,158,532,1291,311,2708,2171,2901.0,10.44776625167728,5.478963356115056
1734,61.112,3920,292,472,1429,143,2846,2309,2901.0,10.450768052065637,5.478963356115055
1735,110.618,4230,290,782,1738,453,3156,2619,2901.0,10.45276925232454,5.478963356115056
1736,12.946,2710,1981,643,2472,3140,4483,3386,2901.0,10.38672095211443,5.478153168484512
1737,8.59,2334,1606,268,2097,2765,4108,3011,2901.0,10.388722150698722,5.4781531684845115
1738,76.216,2334,1606,268,2097,2765,4108,3011,2901.0,10.389722749990865,5.478153168484512
1739,77.454,2066,1337,0,1828,2497,3840,2742,2901.0,10.391723948575157,5.4781531684845115
1740,80.97,1858,1227,0,1640,2289,3632,2535,2901.0,10.393725147159449,5.478153168484512
1741,90.0,1339,1279,125,1121,1770,3113,2016,2901.0,10.397727544328028,5.4781531684845115
1742,72.5,1223,1307,154,1005,1654,2997,1900,2901.0,10.398728143620176,5.478153168484513
1743,95.914,1089,1159,196,871,1345,2789,1591,2901.0,10.400729342204466,5.478153168484513
1744,110.518,1091,1277,314,795,1226,2671,1472,2901.0,10.40172994149661,5.478153168484513
1745,109.139,972,1187,429,676,1108,2552,1353,2901.0,10.402730540788756,5.4781531684845115
1746,102.846,813,1089,359,517,966,2411,1212,2901.0,10.4037311400809,5.478153168484512
1747,71.801,834,1160,341,538,777,2221,1022,2901.0,10.404731739373048,5.478153168484512
1748,74.498,803,1129,184,507,619,2064,865,2901.0,10.40573233866519,5.478153168484512
1749,86.964,761,1145,269,557,534,1979,780,2901.0,10.406732937957337,5.478153168484513
1750,83.627,700,1125,343,631,460,1905,706,2901.0,10.40773353724948,5.478153168484513
1751,82.549,829,996,379,760,331,1776,577,2901.0,10.408734136541627,5.4781531684845115
1752,97.312,1046,897,337,642,256,1566,420,2901.0,10.409734735833773,5.478153168484512
1753,90.4,1093,794,325,473,243,1396,307,2901.0,10.410735335125917,5.478153168484512
1754,70.003,1046,744,379,419,297,1342,361,2901.0,10.411735934418063,5.4781531684845115
1755,72.42,1158,317,263,71,205,991,293,2901.0,10.413737133002353,5.478153168484513
1756,56.697,1233,343,289,107,89,874,330,2901.0,10.4147377322945,5.478153168484513
1757,68.199,1385,217,164,52,63,756,323,2901.0,10.415738331586645,5.478153168484513
1758,27.904,1413,281,227,0,0,693,299,2901.0,10.41673893087879,5.478153168484512
1759,28.78,1485,203,438,53,53,481,173,2901.0,10.417739530170934,5.478153168484512
1760,62.829,1466,252,519,0,0,438,0,2901.0,10.41874012946308,5.4781531684845115
1761,101.408,1454,334,530,82,0,373,82,2901.0,10.419740728755226,5.478153168484512
1762,83.088,1400,310,460,186,71,324,186,2901.0,10.42074132804737,5.478153168484514
1763,65.727,1646,556,386,432,317,570,432,2901.0,10.422742526631662,5.478153168484512
1764,86.444,1813,577,370,564,483,644,599,2901.0,10.423743125923806,5.478153168484512
1765,98.211,1762,479,345,466,479,546,697,2901.0,10.424743725215954,5.478153168484513
1766,62.051,1635,768,207,807,663,887,867,2901.0,10.425744324508097,5.478153168484512
1767,80.371,1614,747,186,827,642,908,888,2901.0,10.426744923800243,5.478153168484513
1768,67.911,1608,688,0,1014,636,1094,1074,2901.0,10.427745523092389,5.478153168484513
1769,107.621,1605,603,84,1037,633,1179,1159,2901.0,10.428746122384531,5.478153168484512
1770,85.106,1704,597,223,1135,732,1318,1282,2901.0,10.429746721676679,5.4781531684845115
1771,95.854,2039,278,301,1231,129,1895,816,2901.0,10.43174792026097,5.478153168484513
1772,96.094,1972,211,241,1283,61,1827,749,2901.0,10.432748519553115,5.4781531684845115
1773,96.773,2078,102,62,1093,102,1809,855,2901.0,10.433749118845261,5.4781531684845115
1774,48.932,2205,65,65,965,65,1682,982,2901.0,10.434749718137404,5.478153168484513
1775,92.358,2285,144,144,888,144,1619,1062,2901.0,10.43575031742955,5.478153168484513
1776,57.816,2387,247,247,788,247,1668,1156,2901.0,10.436750916721696,5.478153168484512
1777,48.227,2504,267,223,905,363,1785,1039,2901.0,10.43775151601384,5.478153168484513
1778,77.175,2605,130,291,1041,499,1921,1041,2901.0,10.438752115305986,5.4781531684845115
1779,46.409,2632,95,287,1071,564,1985,1017,2901.0,10.43975271459813,5.478153168484513
1780,80.211,2865,321,358,933,480,2196,1255,2901.0,10.440753313890276,5.478153168484512
1781,84.846,2952,407,272,1020,567,2282,1341,2901.0,10.441753913182422,5.478153168484513
1782,43.472,2710,1981,643,2472,3140,4483,3386,2901.0,10.386712261753845,5.477342981274769
1783,44.651,2526,1797,459,2288,2956,4299,3202,2901.0,10.387712860208808,5.477342981274769
1784,68.724,2493,1764,427,2255,2924,4267,3169,2901.0,10.388713458663771,5.477342981274768
1785,59.894,2334,1606,268,2097,2765,4108,3011,2901.0,10.389714057118734,5.477342981274769
1786,57.776,2116,1508,170,1657,2491,3889,2737,2901.0,10.392715852483628,5.477342981274769
1787,105.363,1810,1411,184,1592,2186,3584,2432,2901.0,10.393716450938589,5.477342981274769
1788,74.977,1810,1411,184,1592,2186,3584,2432,2901.0,10.394717049393556,5.477342981274768
1789,93.616,1466,1347,194,1248,1842,3239,2087,2901.0,10.39671824630348,5.477342981274768
1790,72.64,1329,1201,48,1111,1696,3103,1942,2901.0,10.397718844758447,5.477342981274768
1791,93.916,1377,1153,0,1160,1647,3092,1893,2901.0,10.39871944321341,5.477342981274769
1792,81.71,1345,981,197,1116,1450,2894,1695,2901.0,10.399720041668372,5.477342981274768
1793,90.38,1221,1027,321,992,1326,2770,1572,2901.0,10.400720640123337,5.477342981274768
1794,115.672,1161,998,448,866,1199,2644,1445,2901.0,10.401721238578302,5.477342981274769
1795,100.209,960,1109,493,664,1047,2492,1293,2901.0,10.402721837033264,5.477342981274768
1796,83.687,903,1000,449,607,968,2413,1214,2901.0,10.40372243548823,5.477342981274769
1797,92.038,950,1040,364,654,800,2244,1045,2901.0,10.404723033943194,5.477342981274769
1798,90.2,809,1123,190,513,626,2070,871,2901.0,10.405723632398159,5.477342981274769
1799,65.448,785,1143,245,534,559,2003,804,2901.0,10.40672423085312,5.477342981274768
1800,71.88,754,1071,398,685,406,1850,652,2901.0,10.407724829308087,5.477342981274769
1801,75.836,842,983,379,773,317,1762,563,2901.0,10.408725427763049,5.477342981274768
1802,76.755,981,844,261,737,179,1630,425,2901.0,10.409726026218014,5.477342981274769
1803,86.544,1149,747,227,570,146,1483,299,2901.0,10.410726624672979,5.477342981274769
1804,72.68,1218,483,359,317,382,1167,120,2901.0,10.412727821582905,5.477342981274769
1805,91.47,1239,336,282,170,235,1020,184,2901.0,10.41372842003787,5.477342981274769
1806,60.545,1174,271,218,105,171,956,248,2901.0,10.414729018492835,5.477342981274769
1807,92.118,1385,191,137,26,89,783,340,2901.0,10.415729616947798,5.477342981274769
1808,106.642,1385,217,164,52,63,756,323,2901.0,10.416730215402762,5.477342981274769
1809,48.353,1438,157,397,29,20,535,126,2901.0,10.417730813857727,5.477342981274769
1810,95.055,1458,179,447,0,72,510,0,2901.0,10.41873141231269,5.477342981274769
1811,64.026,1316,227,401,221,0,512,77,2901.0,10.419732010767655,5.477342981274769
1812,67.342,1261,170,321,301,80,464,157,2901.0,10.420732609222618,5.477342981274769
1813,85.326,1209,118,373,353,132,516,209,2901.0,10.421733207677581,5.477342981274768
1814,105.224,1671,600,222,589,540,670,617,2901.0,10.424735003042475,5.477342981274768
1815,71.401,1600,641,293,628,611,708,688,2901.0,10.42573560149744,5.477342981274769
1816,100.689,1593,727,166,848,621,928,908,2901.0,10.426736199952401,5.477342981274769
1817,73.07,1476,526,185,908,504,1280,1158,2901.0,10.427736798407368,5.477342981274769
1818,108.5,1544,514,174,975,572,1268,1146,2901.0,10.42873739686233,5.477342981274769
1819,78.413,1616,454,246,1048,644,1341,1202,2901.0,10.429737995317293,5.477342981274768
1820,93.277,1874,295,405,1305,243,1729,821,2901.0,10.43073859377226,5.477342981274768
1821,76.915,1926,314,327,1358,165,1782,744,2901.0,10.431739192227223,5.477342981274769
1822,86.42,1945,149,179,1261,35,1801,722,2901.0,10.432739790682186,5.477342981274768
1823,78.13,2056,47,47,1192,47,1908,833,2901.0,10.433740389137151,5.477342981274769
1824,49.657,2090,47,0,1192,47,1908,867,2901.0,10.434740987592114,5.477342981274769
1825,81.889,2467,388,64,1063,424,1943,881,2901.0,10.436742184502043,5.47734298127477
1826,79.132,2485,333,156,971,345,1851,973,2901.0,10.437742782957006,5.477342981274769
1827,69.623,2498,46,313,1159,630,2052,888,2901.0,10.43874338141197,5.477342981274769
1828,78.134,2544,0,354,1159,630,2052,934,2901.0,10.439743979866936,5.477342981274769
1829,45.53,2952,407,272,1020,567,2282,1341,2901.0,10.441745176776863,5.477342981274769
1830,58.615,1996,1597,290,1538,2372,3770,2617,2901.0,10.39270715840636,5.476532794485762
1831,51.643,1927,1528,261,1572,2303,3701,2548,2901.0,10.39370775602427,5.476532794485762
1832,60.034,1858,1459,232,1605,2234,3632,2479,2901.0,10.394708353642176,5.476532794485762
1833,22.016,1513,1289,135,1295,1783,3228,2029,2901.0,10.396709548877993,5.476532794485762
1834,19.758,1513,1289,135,1295,1783,3228,2029,2901.0,10.397710146495902,5.476532794485762
1835,70.462,1391,981,197,1162,1493,2940,1741,2901.0,10.39971134173172,5.476532794485762
1836,89.641,1426,899,253,1166,1458,2912,1713,2901.0,10.400711939349629,5.476532794485762
1837,94.096,1214,953,402,918,1251,2696,1497,2901.0,10.401712536967535,5.476532794485762
1838,71.261,1061,923,551,765,1062,2507,1308,2901.0,10.402713134585445,5.476532794485762
1839,87.563,1004,898,495,708,967,2412,1213,2901.0,10.403713732203352,5.476532794485762
1840,85.545,985,947,366,689,802,2246,1047,2901.0,10.404714329821262,5.476532794485762
1841,108.959,976,969,358,680,793,2238,1039,2901.0,10.40571492743917,5.476532794485762
1842,81.51,921,962,385,765,694,2139,940,2901.0,10.40671552505708,5.476532794485762
1843,68.504,844,1042,456,775,546,1990,792,2901.0,10.407716122674987,5.476532794485761
1844,62.351,1070,838,225,791,144,1642,437,2901.0,10.408716720292897,5.476532794485762
1845,80.831,1098,809,197,763,115,1613,408,2901.0,10.409717317910808,5.476532794485762
1846,80.071,1091,734,151,647,69,1519,314,2901.0,10.410717915528714,5.476532794485762
1847,74.278,1349,551,214,411,235,1262,57,2901.0,10.411718513146619,5.476532794485762
1848,91.119,1310,522,267,382,321,1233,28,2901.0,10.412719110764531,5.476532794485761
1849,83.717,1239,336,282,170,235,1020,184,2901.0,10.413719708382438,5.476532794485762
1850,34.936,1392,53,0,111,227,920,447,2901.0,10.414720306000348,5.476532794485763
1851,58.799,1391,55,55,109,225,881,393,2901.0,10.415720903618256,5.476532794485762
1852,75.55,1493,27,240,192,152,712,206,2901.0,10.416721501236164,5.476532794485761
1853,43.041,1400,95,362,121,74,634,128,2901.0,10.417722098854071,5.476532794485762
1854,72.679,1288,212,361,183,11,696,156,2901.0,10.418722696471981,5.476532794485762
1855,73.694,1280,316,383,181,75,624,0,2901.0,10.419723294089886,5.476532794485762
1856,74.577,1228,140,373,308,87,516,156,2901.0,10.420723891707796,5.476532794485762
1857,84.507,1159,69,403,379,158,565,227,2901.0,10.421724489325706,5.476532794485762
1858,91.099,1496,405,86,536,315,699,392,2901.0,10.422725086943613,5.476532794485762
1859,54.371,1610,520,161,646,430,757,507,2901.0,10.423725684561523,5.476532794485762
1860,85.465,1636,545,137,671,455,755,532,2901.0,10.424726282179432,5.476532794485762
1861,86.025,1502,632,360,726,530,806,786,2901.0,10.425726879797342,5.476532794485761
1862,78.913,1499,632,322,748,527,829,809,2901.0,10.42672747741525,5.476532794485763
1863,89.601,1417,542,191,849,445,1232,1154,2901.0,10.427728075033158,5.476532794485762
1864,100.149,1476,526,185,908,504,1280,1158,2901.0,10.428728672651065,5.476532794485761
1865,90.939,1786,208,349,1218,243,1642,765,2901.0,10.430729867886882,5.476532794485762
1866,98.99,1847,268,258,1278,152,1702,674,2901.0,10.431730465504792,5.476532794485762
1867,87.543,1827,211,188,1259,82,1683,604,2901.0,10.432731063122699,5.476532794485762
1868,105.807,1988,68,64,1307,68,1844,765,2901.0,10.43373166074061,5.476532794485762
1869,100.808,2277,226,273,1301,226,2133,739,2901.0,10.435732855976424,5.476532794485762
1870,100.888,2332,280,248,1247,280,2127,793,2901.0,10.436733453594332,5.476532794485762
1871,86.404,2454,348,94,1125,414,2005,843,2901.0,10.437734051212239,5.476532794485762
1872,44.251,2415,208,149,1241,581,2128,801,2901.0,10.43873464883015,5.476532794485762
1873,60.593,3093,269,412,1161,540,2424,1482,2901.0,10.441736441683876,5.476532794485762
1874,79.972,3224,313,0,1292,714,2554,1613,2901.0,10.443737636919693,5.476532794485762
1875,81.35,3463,688,374,1531,791,2794,1853,2901.0,10.44573883215551,5.476532794485761
1876,52.522,1961,1562,325,1503,2337,3734,2582,2901.0,10.392698465635496,5.475722608117427
1877,67.166,1961,1562,325,1503,2337,3734,2582,2901.0,10.393699062416475,5.475722608117428
1878,34.901,1640,1257,262,1289,1816,3270,2071,2901.0,10.39670085275941,5.475722608117427
1879,85.206,1631,1249,253,1298,1808,3262,2063,2901.0,10.397701449540387,5.475722608117427
1880,116.691,1426,899,253,1166,1458,2912,1713,2901.0,10.399702643102344,5.475722608117427
1881,99.45,1382,812,340,1086,1371,2825,1626,2901.0,10.400703239883326,5.475722608117428
1882,79.033,1341,780,387,1045,1325,2779,1580,2901.0,10.401703836664304,5.475722608117428
1883,85.525,1128,861,492,832,1092,2537,1338,2901.0,10.402704433445281,5.475722608117427
1884,80.651,1088,815,445,792,1050,2495,1296,2901.0,10.40370503022626,5.475722608117428
1885,85.545,1067,865,372,771,883,2328,1129,2901.0,10.40470562700724,5.475722608117428
1886,97.932,1036,893,329,757,810,2254,1055,2901.0,10.405706223788217,5.475722608117427
1887,78.273,923,939,361,815,672,2117,918,2901.0,10.406706820569195,5.475722608117427
1888,66.606,1109,898,99,1040,481,1979,774,2901.0,10.407707417350176,5.475722608117428
1889,97.992,1170,703,91,656,9,1507,302,2901.0,10.409708610912134,5.475722608117428
1890,77.007,1170,694,81,647,9,1497,293,2901.0,10.41070920769311,5.475722608117428
1891,84.926,1272,553,138,488,158,1338,134,2901.0,10.411709804474091,5.475722608117428
1892,78.353,1343,522,227,383,264,1233,28,2901.0,10.41271040125507,5.475722608117428
1893,84.427,1518,0,125,236,267,828,322,2901.0,10.415712191598008,5.475722608117428
1894,73.599,1549,33,158,267,234,794,288,2901.0,10.416712788378984,5.475722608117427
1895,30.56,1299,248,343,234,187,748,242,2901.0,10.417713385159962,5.475722608117427
1896,28.421,1210,281,283,243,5,737,79,2901.0,10.418713981940941,5.475722608117427
1897,77.394,1190,263,269,268,153,740,87,2901.0,10.41971457872192,5.475722608117428
1898,69.849,1171,128,299,329,163,676,154,2901.0,10.420715175502899,5.475722608117427
1899,56.6,1103,26,359,454,232,640,294,2901.0,10.421715772283878,5.475722608117427
1900,71.421,1501,410,81,541,320,704,397,2901.0,10.422716369064856,5.475722608117428
1901,105.823,1634,544,52,675,454,833,531,2901.0,10.423716965845836,5.475722608117428
1902,115.272,1736,751,259,753,661,833,738,2901.0,10.424717562626814,5.475722608117427
1903,78.933,1447,580,383,781,475,861,841,2901.0,10.425718159407793,5.475722608117428
1904,95.734,1346,479,432,777,374,962,942,2901.0,10.426718756188771,5.475722608117427
1905,83.568,1400,533,359,831,428,928,908,2901.0,10.427719352969751,5.475722608117428
1906,74.098,1686,108,333,1118,320,1542,750,2901.0,10.430721143312688,5.475722608117428
1907,87.024,1714,136,235,1146,222,1570,652,2901.0,10.431721740093664,5.475722608117428
1908,72.26,1889,311,250,1320,236,1744,450,2901.0,10.432722336874646,5.475722608117428
1909,78.154,1923,133,0,1355,133,1779,700,2901.0,10.433722933655623,5.475722608117427
1910,122.744,2124,334,201,1456,334,1980,583,2901.0,10.434723530436603,5.475722608117427
1911,92.338,2234,314,299,1346,314,2089,695,2901.0,10.43572412721758,5.475722608117427
1912,127.879,2328,425,235,1235,425,2115,709,2901.0,10.43672472399856,5.475722608117428
1913,120.607,2336,211,148,1240,523,2120,722,2901.0,10.437725320779537,5.475722608117427
1914,51.403,2336,208,151,1244,527,2124,726,2901.0,10.438725917560516,5.475722608117427
1915,68.125,3148,147,290,1283,418,2545,1597,2901.0,10.441727707903452,5.475722608117427
1916,81.71,3211,81,232,1380,482,2643,1660,2901.0,10.442728304684428,5.475722608117428
1917,94.635,3289,159,154,1446,559,2709,1738,2901.0,10.443728901465409,5.475722608117428
1918,52.342,3358,518,204,1497,629,2759,1807,2901.0,10.444729498246389,5.475722608117428
1919,96.993,3358,518,204,1497,629,2759,1807,2901.0,10.445730095027367,5.475722608117428
1920,86.245,2298,1501,662,1402,2428,3882,2683,2901.0,10.39268977417102,5.474912422169704
1921,30.726,2168,1395,532,1296,2322,3776,2577,2901.0,10.393690370115193,5.4749124221697025
1922,41.854,2062,1521,436,1421,2438,3836,2684,2901.0,10.394690966059366,5.4749124221697025
1923,82.768,1735,1160,443,1109,1719,3173,1974,2901.0,10.397692753891892,5.4749124221697025
1924,93.417,1519,943,390,1223,1502,2956,1757,2901.0,10.39969394578024,5.4749124221697025
1925,76.795,1359,763,389,1063,1342,2796,1598,2901.0,10.400694541724418,5.4749124221697025
1926,69.144,1359,763,389,1063,1342,2796,1598,2901.0,10.40169513766859,5.474912422169704
1927,71.481,1209,740,371,913,1162,2616,1418,2901.0,10.402695733612765,5.4749124221697025
1928,54.3,1231,697,328,939,969,2449,1251,2901.0,10.40369632955694,5.4749124221697025
1929,56.537,1199,731,354,912,943,2423,1224,2901.0,10.404696925501117,5.4749124221697025
1930,86.424,1094,825,252,861,793,2258,1059,2901.0,10.40569752144529,5.4749124221697025
1931,74.717,1137,798,110,990,668,2139,937,2901.0,10.406698117389464,5.4749124221697025
1932,28.848,1120,897,99,1051,481,1979,774,2901.0,10.40769871333364,5.474912422169703
1933,54.919,1204,981,194,1033,386,1884,679,2901.0,10.408699309277813,5.4749124221697025
1934,78.553,1309,629,67,693,148,1512,339,2901.0,10.40969990522199,5.4749124221697025
1935,115.123,1276,651,33,660,115,1494,305,2901.0,10.410700501166165,5.4749124221697025
1936,93.477,1326,518,154,591,175,1401,255,2901.0,10.411701097110337,5.4749124221697025
1937,75.576,1431,394,140,467,299,1277,142,2901.0,10.412701693054512,5.4749124221697025
1938,93.057,1516,309,55,394,384,1197,184,2901.0,10.413702288998687,5.474912422169703
1939,44.671,1226,321,296,308,261,821,315,2901.0,10.417704672775388,5.4749124221697025
1940,61.568,1110,183,189,348,73,806,167,2901.0,10.419705864663738,5.4749124221697025
1941,84.043,1090,128,217,375,141,751,193,2901.0,10.420706460607912,5.4749124221697025
1942,90.44,951,138,346,340,314,774,421,2901.0,10.421707056552087,5.4749124221697025
1943,112.935,1653,668,176,799,577,917,655,2901.0,10.423708248440436,5.4749124221697025
1944,91.978,1638,681,189,812,591,932,668,2901.0,10.42470884438461,5.4749124221697025
1945,108.62,1433,566,392,865,461,1106,871,2901.0,10.425709440328786,5.4749124221697025
1946,77.654,1270,403,385,701,298,1038,1018,2901.0,10.42671003627296,5.4749124221697025
1947,29.667,1251,385,356,683,279,1066,1046,2901.0,10.427710632217135,5.4749124221697025
1948,111.417,1519,253,458,950,532,1374,885,2901.0,10.42871122816131,5.474912422169703
1949,95.654,1499,233,457,931,512,1355,865,2901.0,10.429711824105485,5.4749124221697025
1950,32.524,1564,14,359,995,346,1419,773,2901.0,10.43071242004966,5.4749124221697025
1951,63.761,1578,0,345,1009,332,1433,761,2901.0,10.431713015993832,5.474912422169703
1952,46.449,1913,368,306,1377,293,1768,393,2901.0,10.43271361193801,5.4749124221697025
1953,94.775,1836,436,322,1367,370,1692,317,2901.0,10.433714207882185,5.4749124221697025
1954,83.108,2131,361,228,1483,361,1987,555,2901.0,10.434714803826358,5.474912422169704
1955,48.187,2223,451,250,1339,451,2097,605,2901.0,10.435715399770535,5.4749124221697025
1956,111.037,2148,459,175,1414,525,2025,530,2901.0,10.43671599571471,5.4749124221697025
1957,63.829,2227,321,251,1350,543,2103,614,2901.0,10.437716591658882,5.474912422169703
1958,96.693,3065,64,207,1366,335,2628,1514,2901.0,10.441718975435583,5.4749124221697025
1959,58.136,3130,0,272,1430,400,2693,1579,2901.0,10.442719571379758,5.4749124221697025
1960,12.866,3289,159,154,1446,559,2709,1738,2901.0,10.44372016732393,5.4749124221697025
1961,77.634,3336,540,226,1519,607,2781,1785,2901.0,10.444720763268105,5.4749124221697025
1962,89.501,3336,540,226,1519,607,2781,1785,2901.0,10.44572135921228,5.4749124221697025
1963,4.615,2321,1611,615,1512,2537,3991,2793,2901.0,10.391680488905429,5.474102236642527
1964,69.303,2298,1501,662,1402,2428,3882,2683,2901.0,10.392681084012924,5.474102236642527
1965,70.023,2174,1389,538,1290,2315,3770,2571,2901.0,10.393681679120421,5.474102236642527
1966,56.677,2214,1323,604,1224,2249,3704,2505,2901.0,10.39468227422792,5.474102236642527
1967,19.698,1878,1301,500,1120,1913,3367,2169,2901.0,10.395682869335415,5.474102236642529
1968,60.613,1853,1249,517,1068,1862,3316,2117,2901.0,10.39668346444291,5.474102236642528
1969,80.211,1805,1155,512,1039,1788,3242,2043,2901.0,10.397684059550409,5.474102236642528
1970,89.261,1443,653,284,991,1397,2851,1652,2901.0,10.401686439980393,5.474102236642528
1971,62.231,1346,556,187,894,1299,2753,1555,2901.0,10.40268703508789,5.474102236642527
1972,43.891,1231,697,328,939,969,2449,1251,2901.0,10.403687630195389,5.474102236642528
1973,62.471,1231,697,328,939,969,2449,1251,2901.0,10.404688225302886,5.474102236642528
1974,56.118,1174,688,110,976,692,2190,985,2901.0,10.405688820410381,5.474102236642527
1975,67.505,1187,688,122,988,692,2190,985,2901.0,10.406689415517878,5.474102236642529
1976,92.757,1283,799,73,1159,636,2100,929,2901.0,10.407690010625373,5.474102236642529
1977,69.163,1299,1019,289,1027,380,1878,673,2901.0,10.408690605732872,5.474102236642527
1978,43.272,1427,961,348,914,267,1764,560,2901.0,10.409691200840367,5.474102236642527
1979,103.386,1386,694,143,767,225,1577,415,2901.0,10.410691795947862,5.474102236642528
1980,91.559,1418,615,236,688,257,1497,352,2901.0,10.411692391055361,5.474102236642529
1981,102.946,1662,335,90,510,525,1163,330,2901.0,10.413693581270353,5.474102236642529
1982,68.303,1313,358,0,577,0,1091,585,2901.0,10.414694176377846,5.474102236642528
1983,63.843,1313,358,0,577,0,1091,585,2901.0,10.415694771485347,5.474102236642527
1984,36.52,1148,194,164,523,164,1036,531,2901.0,10.41669536659284,5.474102236642527
1985,65.847,1044,0,220,662,236,948,499,2901.0,10.417695961700337,5.474102236642527
1986,34.526,1017,132,88,529,104,910,407,2901.0,10.418696556807834,5.474102236642527
1987,62.291,969,222,51,466,14,862,317,2901.0,10.419697151915331,5.474102236642528
1988,72.68,927,214,14,426,41,820,349,2901.0,10.420697747022828,5.474102236642528
1989,83.148,846,243,241,235,209,702,437,2901.0,10.421698342130325,5.474102236642528
1990,58.535,846,243,241,235,209,702,437,2901.0,10.42269893723782,5.474102236642528
1991,88.582,1623,694,202,825,604,947,681,2901.0,10.423699532345317,5.474102236642527
1992,93.117,1569,703,256,879,597,1000,735,2901.0,10.424700127452814,5.474102236642527
1993,83.068,1433,566,392,865,461,1106,871,2901.0,10.42570072256031,5.474102236642528
1994,87.423,1152,285,456,584,180,1008,1076,2901.0,10.426701317667806,5.474102236642528
1995,43.851,1152,285,456,584,180,1008,1076,2901.0,10.427701912775305,5.474102236642527
1996,58.775,1301,277,411,732,313,1156,887,2901.0,10.4287025078828,5.474102236642526
1997,103.306,1411,166,391,843,424,1267,788,2901.0,10.429703102990297,5.474102236642528
1998,81.03,1479,98,443,911,430,1335,846,2901.0,10.430703698097794,5.474102236642527
1999,97.033,1668,431,300,1199,538,1523,311,2901.0,10.431704293205291,5.474102236642528
2000,94.455,1803,469,355,1334,402,1659,349,2901.0,10.432704888312786,5.474102236642527
2001,77.035,1853,404,354,1399,402,1719,284,2901.0,10.433705483420287,5.474102236642527
2002,70.142,2088,448,256,1570,448,1964,469,2901.0,10.434706078527778,5.474102236642527
2003,71.641,2022,480,169,1602,535,1898,404,2901.0,10.435706673635277,5.474102236642527
2004,55.696,2100,452,142,1468,568,1976,490,2901.0,10.436707268742774,5.474102236642527
2005,65.368,3065,64,207,1366,335,2628,1514,2901.0,10.441710244280255,5.474102236642527
2006,41.434,3130,0,272,1430,400,2693,1579,2901.0,10.442710839387752,5.474102236642528
2007,5.834,2321,1611,615,1512,2537,3991,2793,2901.0,10.391671800890256,5.473292051535833
2008,105.104,2321,1611,615,1512,2537,3991,2793,2901.0,10.392672395161203,5.473292051535835
2009,95.834,2173,1282,645,1183,2208,3663,2464,2901.0,10.393672989432146,5.473292051535833
2010,80.871,2132,1241,686,1142,2168,3622,2423,2901.0,10.394673583703089,5.473292051535833
2011,48.386,1878,1301,500,1120,1913,3367,2169,2901.0,10.395674177974033,5.473292051535835
2012,32.244,1878,1301,500,1120,1913,3367,2169,2901.0,10.396674772244976,5.473292051535835
2013,103.186,1874,1151,581,970,1857,3312,2113,2901.0,10.397675366515923,5.473292051535833
2014,69.064,1895,1022,653,841,1815,3240,2096,2901.0,10.398675960786866,5.473292051535835
2015,68.364,1699,825,456,802,1618,3043,1899,2901.0,10.399676555057809,5.473292051535834
2016,84.806,1346,556,187,894,1299,2753,1555,2901.0,10.401677743599699,5.473292051535834
2017,81.889,1452,451,82,789,1243,2668,1524,2901.0,10.402678337870642,5.473292051535833
2018,87.823,1476,605,267,996,830,2184,1123,2901.0,10.405680120683474,5.473292051535834
2019,88.382,1434,647,225,1038,788,2192,1081,2901.0,10.40668071495442,5.473292051535835
2020,107.721,1411,756,202,1133,765,2074,1058,2901.0,10.407681309225362,5.473292051535834
2021,44.091,1395,923,385,1004,356,1854,649,2901.0,10.408681903496309,5.473292051535833
2022,38.937,1395,923,385,1004,356,1854,649,2901.0,10.40968249776725,5.473292051535833
2023,70.302,1459,735,217,808,298,1618,472,2901.0,10.410683092038198,5.473292051535834
2024,80.451,1447,644,265,717,286,1527,381,2901.0,10.41168368630914,5.473292051535834
2025,82.848,1615,523,278,623,435,1351,342,2901.0,10.412684280580084,5.473292051535835
2026,81.298,1561,406,129,598,347,1201,416,2901.0,10.413684874851029,5.473292051535834
2027,19.269,1347,476,0,696,118,1209,610,2901.0,10.414685469121974,5.473292051535835
2028,57.077,1224,269,88,599,88,1112,606,2901.0,10.415686063392915,5.473292051535834
2029,20.893,1062,171,250,609,250,966,517,2901.0,10.41668665766386,5.473292051535835
2030,30.762,1044,0,220,662,236,948,499,2901.0,10.417687251934804,5.473292051535833
2031,45.523,1017,132,88,529,104,910,407,2901.0,10.418687846205751,5.473292051535833
2032,36.32,938,200,14,450,51,831,355,2901.0,10.419688440476694,5.473292051535835
2033,54.0,973,297,98,362,125,828,433,2901.0,10.420689034747637,5.473292051535835
2034,73.758,902,299,185,291,213,757,381,2901.0,10.42168962901858,5.473292051535833
2035,89.741,824,457,342,255,436,679,656,2901.0,10.422690223289527,5.473292051535835
2036,92.078,1066,200,490,498,94,922,990,2901.0,10.426692600373302,5.473292051535834
2037,116.811,1166,285,390,598,179,1022,890,2901.0,10.427693194644245,5.473292051535834
2038,116.291,1187,300,241,718,194,1043,791,2901.0,10.42869378891519,5.473292051535835
2039,93.616,1276,371,232,807,283,1132,702,2901.0,10.429694383186135,5.473292051535834
2040,106.602,1525,264,156,1055,532,1380,547,2901.0,10.430694977457081,5.473292051535835
2041,95.255,1668,431,300,1199,538,1523,311,2901.0,10.431695571728024,5.473292051535835
2042,109.039,1755,343,381,1286,558,1611,223,2901.0,10.432696165998967,5.473292051535833
2043,77.514,1870,372,386,1431,434,1747,252,2901.0,10.433696760269912,5.473292051535834
2044,85.465,1943,444,111,1577,581,1819,324,2901.0,10.434697354540857,5.473292051535835
2045,63.39,1921,364,26,1641,671,1797,308,2901.0,10.435697948811798,5.473292051535833
2046,77.764,2190,339,0,1590,605,2066,583,2901.0,10.436698543082745,5.473292051535833
2047,69.431,2190,339,0,1590,605,2066,583,2901.0,10.43769913735369,5.473292051535835
2048,4.695,2844,285,13,1586,115,2721,1293,2901.0,10.440700920166517,5.473292051535833
2049,48.866,2857,272,0,1573,128,2734,1306,2901.0,10.441701514437463,5.473292051535833
2050,79.292,2144,1253,697,1153,2179,3633,2434,2901.0,10.393664301050356,5.472481866849564
2051,31.385,2132,1241,686,1142,2168,3622,2423,2901.0,10.394664894484876,5.472481866849564
2052,71.601,2020,1296,727,1115,2003,3457,2258,2901.0,10.39666608135391,5.472481866849564
2053,104.424,2020,1296,727,1115,2003,3457,2258,2901.0,10.397666674788429,5.472481866849564
2054,87.443,1834,961,548,666,1754,3179,2035,2901.0,10.398667268222944,5.472481866849563
2055,74.757,1777,904,535,723,1697,3122,1978,2901.0,10.399667861657461,5.472481866849564
2056,108.919,1727,726,352,684,1519,2944,1800,2901.0,10.400668455091978,5.472481866849564
2057,91.469,1499,403,34,768,1197,2621,1484,2901.0,10.402669641961015,5.472481866849564
2058,50.324,1528,405,126,796,1038,2460,1331,2901.0,10.403670235395532,5.472481866849564
2059,106.462,1492,370,161,761,1003,2425,1296,2901.0,10.40467082883005,5.472481866849564
2060,83.987,1476,605,267,996,830,2184,1123,2901.0,10.405671422264566,5.472481866849564
2061,117.37,1564,789,258,1040,899,2144,1192,2901.0,10.406672015699085,5.472481866849564
2062,106.542,1505,744,289,1071,840,2085,1133,2901.0,10.407672609133602,5.472481866849564
2063,67.086,1512,767,235,1018,663,1909,956,2901.0,10.408673202568119,5.472481866849564
2064,71.421,1583,696,165,947,593,1838,886,2901.0,10.409673796002638,5.472481866849564
2065,42.693,1575,742,276,993,537,1726,827,2901.0,10.410674389437153,5.472481866849564
2066,87.204,1583,679,274,845,434,1540,515,2901.0,10.411674982871672,5.472481866849564
2067,89.481,1599,605,332,727,414,1405,424,2901.0,10.41267557630619,5.472481866849563
2068,27.291,1568,521,220,670,338,1292,389,2901.0,10.413676169740704,5.472481866849564
2069,37.113,1256,565,0,787,209,1300,701,2901.0,10.414676763175226,5.472481866849564
2070,37.681,1210,358,176,687,176,1114,664,2901.0,10.415677356609743,5.472481866849564
2071,62.451,1039,191,259,633,274,943,493,2901.0,10.41667795004426,5.472481866849563
2072,25.008,900,147,126,604,329,804,355,2901.0,10.417678543478777,5.472481866849564
2073,18.225,815,46,247,513,219,708,280,2901.0,10.418679136913296,5.472481866849564
2074,33.321,791,48,185,489,190,684,266,2901.0,10.419679730347811,5.472481866849564
2075,38.517,799,216,303,497,171,692,303,2901.0,10.42068032378233,5.472481866849564
2076,64.349,792,364,260,181,0,647,451,2901.0,10.421680917216849,5.472481866849564
2077,97.334,688,402,164,77,103,543,525,2901.0,10.422681510651364,5.472481866849564
2078,77.694,704,281,223,136,317,560,675,2901.0,10.423682104085882,5.472481866849564
2079,95.434,733,253,251,164,345,588,703,2901.0,10.424682697520398,5.472481866849564
2080,71.481,887,0,414,418,105,742,868,2901.0,10.425683290954916,5.472481866849564
2081,67.385,992,105,432,523,0,848,898,2901.0,10.426683884389433,5.472481866849564
2082,101.128,1104,216,321,634,111,959,821,2901.0,10.427684477823952,5.472481866849564
2083,80.291,1202,314,256,733,209,1057,777,2901.0,10.428685071258469,5.472481866849564
2084,96.094,1276,371,232,807,283,1132,702,2901.0,10.429685664692986,5.472481866849564
2085,73.938,1478,311,110,1009,485,1334,540,2901.0,10.430686258127505,5.472481866849564
2086,78.573,1520,352,151,1050,527,1375,459,2901.0,10.431686851562022,5.472481866849564
2087,105.363,1740,242,363,1334,659,1617,122,2901.0,10.432687444996539,5.472481866849564
2088,72.44,1732,233,322,1390,573,1608,113,2901.0,10.43368803843106,5.472481866849564
2089,59.514,1754,255,148,1548,789,1630,142,2901.0,10.434688631865574,5.472481866849564
2090,89.161,1895,331,10,1671,703,1771,291,2901.0,10.43568922530009,5.472481866849564
2091,80.691,2156,307,131,1708,573,2032,605,2901.0,10.436689818734608,5.472481866849564
2092,79.852,2262,200,139,1729,466,2138,711,2901.0,10.437690412169125,5.472481866849564
2093,74.518,2302,160,179,1769,426,2179,752,2901.0,10.438691005603644,5.472481866849564
2094,81.969,2729,265,128,1702,0,2605,1178,2901.0,10.440692192472678,5.472481866849564
2095,85.406,2851,278,6,1579,122,2727,1300,2901.0,10.441692785907197,5.472481866849564
2096,85.925,2244,1130,628,1030,2279,3733,2534,2901.0,10.393655613975046,5.471671682583651
2097,31.945,2275,1099,597,1000,2269,3744,2565,2901.0,10.394656206573261,5.471671682583651
2098,45.11,2042,1168,799,988,1961,3386,2242,2901.0,10.397657984367912,5.47167168258365
2099,101.468,1978,1033,634,787,1892,3322,2179,2901.0,10.39865857696613,5.47167168258365
2100,82.009,1914,897,468,586,1824,3259,2115,2901.0,10.399659169564345,5.471671682583651
2101,99.57,1753,752,373,658,1544,2969,1825,2901.0,10.400659762162562,5.47167168258365
2102,108.082,1671,643,160,569,1436,2861,1717,2901.0,10.401660354760777,5.47167168258365
2103,55.386,1534,369,0,760,1165,2586,1458,2901.0,10.402660947358992,5.47167168258365
2104,32.564,1528,405,126,796,1038,2460,1331,2901.0,10.403661539957211,5.47167168258365
2105,47.867,1493,373,167,764,997,2419,1290,2901.0,10.404662132555428,5.471671682583651
2106,51.103,1816,463,68,806,826,2071,1119,2901.0,10.406663317751862,5.47167168258365
2107,91.661,1748,531,0,875,758,2003,1051,2901.0,10.40766391035008,5.471671682583651
2108,30.786,1667,612,81,863,677,1922,970,2901.0,10.408664502948294,5.471671682583651
2109,16.741,1547,770,248,1021,509,1754,802,2901.0,10.40966509554651,5.47167168258365
2110,43.532,1575,742,276,993,537,1726,827,2901.0,10.410665688144727,5.471671682583651
2111,43.067,1486,554,149,970,531,1539,639,2901.0,10.411666280742946,5.471671682583651
2112,37.23,1432,500,95,1024,585,1485,693,2901.0,10.412666873341161,5.47167168258365
2113,41.049,1629,582,281,731,399,1353,451,2901.0,10.41366746593938,5.471671682583651
2114,30.73,1182,491,74,821,283,1235,649,2901.0,10.414668058537593,5.471671682583651
2115,34.262,987,390,0,840,206,1039,453,2901.0,10.415668651135812,5.471671682583651
2116,45.438,1017,272,0,722,324,921,472,2901.0,10.416669243734027,5.471671682583651
2117,39.769,885,252,339,589,324,789,339,2901.0,10.417669836332243,5.471671682583651
2118,12.555,801,81,244,505,227,705,260,2901.0,10.41867042893046,5.47167168258365
2119,11.914,726,103,201,424,137,619,201,2901.0,10.419671021528677,5.471671682583651
2120,33.187,746,186,273,406,67,639,273,2901.0,10.420671614126894,5.471671682583651
2121,97.632,625,317,0,169,87,481,369,2901.0,10.421672206725113,5.47167168258365
2122,84.189,610,418,86,0,181,466,539,2901.0,10.42267279932333,5.471671682583651
2123,76.815,639,311,148,111,280,495,601,2901.0,10.423673391921543,5.47167168258365
2124,65.248,704,182,231,235,288,560,685,2901.0,10.42467398451976,5.47167168258365
2125,115.952,1425,334,0,956,432,1281,500,2901.0,10.429676947510842,5.47167168258365
2126,94.775,1483,379,85,1014,490,1339,531,2901.0,10.430677540109059,5.47167168258365
2127,48.486,1663,496,295,1194,659,1519,384,2901.0,10.431678132707276,5.471671682583651
2128,95.774,1663,496,295,1194,659,1519,384,2901.0,10.432678725305493,5.471671682583651
2129,76.395,1637,138,251,1422,706,1513,58,2901.0,10.433679317903712,5.47167168258365
2130,102.247,1725,226,170,1518,831,1601,188,2901.0,10.434679910501925,5.471671682583651
2131,73.818,1837,125,216,1631,891,1713,301,2901.0,10.435680503100143,5.471671682583651
2132,66.207,2034,291,254,1816,695,1910,498,2901.0,10.43668109569836,5.471671682583651
2133,104.744,2302,160,179,1769,426,2179,752,2901.0,10.437681688296578,5.471671682583651
2134,101.747,2302,160,179,1769,426,2179,752,2901.0,10.438682280894794,5.471671682583651
2135,41.096,2463,0,339,1930,265,2339,912,2901.0,10.439682873493009,5.471671682583651
2136,90.58,2729,265,128,1702,0,2605,1178,2901.0,10.440683466091228,5.471671682583651
2137,95.954,2826,363,274,1847,145,2702,1275,2901.0,10.441684058689445,5.471671682583651
2138,74.498,2410,1026,524,1026,2445,3899,2700,2901.0,10.392646336444159,5.470861498738033
2139,115.672,2410,1026,524,1026,2445,3899,2700,2901.0,10.3936469282062,5.470861498738033
2140,66.187,2407,967,464,867,2156,3653,2698,2901.0,10.394647519968242,5.470861498738033
2141,31.965,2407,967,464,867,2156,3653,2698,2901.0,10.395648111730283,5.470861498738033
2142,108.6,1980,831,402,520,1758,3241,2097,2901.0,10.39864988701641,5.470861498738033
2143,128.438,1991,820,392,510,1747,3231,2087,2901.0,10.399650478778447,5.470861498738032
2144,75.397,1874,713,252,536,1620,3091,1947,2901.0,10.400651070540492,5.470861498738034
2145,67.019,1671,643,160,569,1436,2861,1717,2901.0,10.401651662302534,5.470861498738033
2146,25.259,1690,212,0,604,1021,2513,1614,2901.0,10.402652254064574,5.470861498738034
2147,84.374,1690,212,0,604,1021,2513,1614,2901.0,10.403652845826615,5.470861498738033
2148,49.565,1803,387,143,731,902,2074,1195,2901.0,10.40665462111274,5.470861498738033
2149,47.458,1763,501,140,746,835,2025,1127,2901.0,10.407655212874783,5.470861498738033
2150,44.833,1759,623,127,771,759,1949,1049,2901.0,10.408655804636822,5.470861498738034
2151,70.442,1352,294,233,874,726,1622,1022,2901.0,10.410656988160905,5.470861498738033
2152,43.592,1333,275,129,866,685,1518,918,2901.0,10.411657579922949,5.470861498738034
2153,36.585,1336,404,0,995,556,1389,789,2901.0,10.41265817168499,5.470861498738033
2154,64.015,1153,556,165,912,372,1205,620,2901.0,10.41365876344703,5.470861498738033
2155,74.446,1137,540,150,897,357,1190,604,2901.0,10.414659355209073,5.470861498738032
2156,51.539,987,390,0,840,206,1039,453,2901.0,10.415659946971115,5.470861498738034
2157,24.233,885,252,339,589,324,789,339,2901.0,10.417661130495198,5.470861498738034
2158,18.206,806,84,33,510,247,710,33,2901.0,10.418661722257239,5.470861498738033
2159,36.955,603,149,168,304,111,501,201,2901.0,10.419662314019282,5.470861498738033
2160,67.02,551,208,119,251,54,450,260,2901.0,10.42066290578132,5.470861498738033
2161,73.858,597,317,28,169,58,452,369,2901.0,10.421663497543364,5.470861498738034
2162,76.156,500,436,0,91,148,356,481,2901.0,10.422664089305405,5.470861498738034
2163,71.081,537,357,57,151,229,393,518,2901.0,10.423664681067446,5.470861498738033
2164,101.585,1401,167,98,950,427,1267,511,2901.0,10.429668231639694,5.470861498738034
2165,50.452,1425,334,0,956,432,1281,500,2901.0,10.430668823401737,5.470861498738033
2166,49.325,1556,178,156,1112,589,1432,343,2901.0,10.431669415163778,5.470861498738033
2167,59.492,1577,39,232,1370,683,1453,80,2901.0,10.43267000692582,5.470861498738033
2168,66.546,1638,60,131,1431,744,1514,180,2901.0,10.433670598687861,5.470861498738033
2169,106.382,1733,229,161,1527,839,1609,197,2901.0,10.434671190449903,5.470861498738033
2170,86.784,1852,125,232,1646,876,1728,316,2901.0,10.435671782211944,5.470861498738033
2171,105.503,1957,215,330,1751,771,1833,421,2901.0,10.436672373973984,5.470861498738033
2172,99.35,2185,326,345,1936,592,2061,649,2901.0,10.437672965736027,5.470861498738033
2173,83.248,2463,0,339,1930,265,2339,912,2901.0,10.43867355749807,5.470861498738034
2174,72.72,2550,86,307,1881,179,2426,999,2901.0,10.43967414926011,5.470861498738033
2175,57.177,2826,363,274,1847,145,2702,1275,2901.0,10.441675332784191,5.470861498738033
2176,63.25,2504,982,480,982,2404,3900,2795,2901.0,10.39263765281782,5.470051315312647
2177,80.411,2619,755,252,755,2176,3672,2861,2901.0,10.393638243743816,5.470051315312647
2178,71.92,2619,755,252,755,2176,3672,2861,2901.0,10.394638834669808,5.470051315312647
2179,59.314,2504,870,368,771,2060,3556,2745,2901.0,10.3956394255958,5.470051315312648
2180,107.241,2144,667,408,357,1594,3086,2240,2901.0,10.399641789299768,5.470051315312647
2181,93.676,1892,598,137,422,1506,2998,1938,2901.0,10.40064238022576,5.470051315312648
2182,69.654,1812,604,19,428,1511,2983,1858,2901.0,10.401642971151754,5.470051315312647
2183,64.449,1768,101,215,492,806,2298,1482,2901.0,10.404644743929728,5.470051315312647
2184,53.181,1890,223,308,615,928,2175,1359,2901.0,10.40564533485572,5.470051315312647
2185,29.268,1747,380,200,674,922,2021,1252,2901.0,10.406645925781714,5.470051315312648
2186,39.037,1674,454,190,602,849,1944,1219,2901.0,10.407646516707704,5.470051315312647
2187,77.195,1625,497,140,559,807,1902,1261,2901.0,10.408647107633698,5.470051315312648
2188,78.633,1484,426,101,686,859,1758,1158,2901.0,10.40964769855969,5.470051315312648
2189,79.732,1391,333,195,730,765,1664,1065,2901.0,10.41064828948568,5.470051315312649
2190,66.942,1300,243,180,822,675,1570,970,2901.0,10.411648880411674,5.470051315312648
2191,37.778,1336,404,0,995,556,1389,789,2901.0,10.412649471337664,5.470051315312647
2192,34.622,645,411,341,859,134,1043,381,2901.0,10.415651244115644,5.470051315312648
2193,34.502,780,298,206,724,0,924,247,2901.0,10.416651835041634,5.470051315312647
2194,84.038,780,298,206,724,0,924,247,2901.0,10.417652425967626,5.470051315312647
2195,87.243,745,0,51,450,253,649,51,2901.0,10.418653016893618,5.470051315312647
2196,98.09,712,50,101,417,220,616,101,2901.0,10.41965360781961,5.470051315312647
2197,78.533,491,149,168,199,9,395,310,2901.0,10.420654198745604,5.470051315312647
2198,44.426,538,347,87,158,0,394,399,2901.0,10.421654789671598,5.470051315312647
2199,77.534,380,472,96,0,158,235,361,2901.0,10.422655380597588,5.470051315312647
2200,91.699,486,401,57,154,182,341,467,2901.0,10.42365597152358,5.470051315312648
2201,35.118,945,384,82,739,51,821,672,2901.0,10.42765833522755,5.470051315312647
2202,65.944,1060,269,33,854,167,937,557,2901.0,10.42865892615354,5.470051315312647
2203,70.362,1303,74,122,949,409,1179,472,2901.0,10.429659517079534,5.470051315312648
2204,59.112,1267,62,43,1061,374,1144,350,2901.0,10.430660108005526,5.470051315312648
2205,62.954,1401,71,133,1195,507,1277,216,2901.0,10.431660698931518,5.470051315312647
2206,76.117,1577,0,192,1371,683,1453,119,2901.0,10.432661289857506,5.470051315312647
2207,73.878,1744,143,25,1537,850,1620,286,2901.0,10.433661880783502,5.470051315312648
2208,86.744,1823,76,105,1617,912,1699,350,2901.0,10.434662471709494,5.470051315312647
2209,88.382,2023,107,252,1816,904,1899,534,2901.0,10.435663062635486,5.470051315312647
2210,97.352,2530,906,404,906,2327,3823,2820,2901.0,10.392628970497805,5.46924113230743
2211,108.8,2627,747,244,747,2184,3680,2869,2901.0,10.393629560587875,5.469241132307431
2212,94.995,2627,747,244,747,2184,3680,2869,2901.0,10.394630150677942,5.469241132307431
2213,63.769,2558,925,422,716,2006,3502,2691,2901.0,10.395630740768011,5.469241132307431
2214,72.4,2664,883,529,610,1899,3395,2585,2901.0,10.396631330858083,5.469241132307432
2215,104.904,2144,667,408,357,1594,3086,2240,2901.0,10.399633101128288,5.469241132307431
2216,81.41,2028,545,196,302,1462,2954,2066,2901.0,10.400633691218356,5.469241132307432
2217,72.26,2011,457,178,281,1365,2857,2041,2901.0,10.401634281308423,5.46924113230743
2218,41.854,1867,4,217,390,902,2396,1587,2901.0,10.403635461488562,5.469241132307432
2219,21.976,1777,98,213,485,808,2302,1493,2901.0,10.40463605157863,5.46924113230743
2220,2.877,1890,223,308,615,928,2175,1359,2901.0,10.4056366416687,5.469241132307431
2221,14.284,1631,573,106,478,725,1962,1343,2901.0,10.407637821848835,5.469241132307431
2222,85.046,1631,573,106,478,725,1962,1343,2901.0,10.408638411938906,5.469241132307432
2223,129.716,1494,436,30,563,810,1852,1228,2901.0,10.409639002028973,5.469241132307431
2224,86.844,1288,230,237,668,662,1680,1023,2901.0,10.41063959211904,5.46924113230743
2225,63.269,1197,140,270,744,572,1595,933,2901.0,10.411640182209108,5.469241132307431
2226,28.544,1235,177,227,801,609,1616,970,2901.0,10.41264077229918,5.469241132307432
2227,73.678,628,407,338,856,151,1026,367,2901.0,10.415642542569385,5.469241132307431
2228,94.236,561,357,285,807,218,959,402,2901.0,10.416643132659452,5.46924113230743
2229,105.124,451,212,0,557,361,655,630,2901.0,10.417643722749524,5.469241132307431
2230,51.089,451,212,0,557,361,655,630,2901.0,10.418644312839593,5.469241132307431
2231,61.359,469,0,142,345,149,489,454,2901.0,10.41964490292966,5.469241132307431
2232,52.351,327,142,0,252,291,347,460,2901.0,10.420645493019729,5.469241132307431
2233,47.999,253,216,72,177,238,272,385,2901.0,10.421646083109797,5.469241132307432
2234,43.832,306,387,125,46,170,170,296,2901.0,10.422646673199864,5.469241132307431
2235,30.63,971,410,108,765,25,847,698,2901.0,10.427649623650208,5.469241132307432
2236,104.464,1072,354,52,865,83,956,642,2901.0,10.428650213740278,5.469241132307432
2237,93.537,1094,236,66,887,200,970,524,2901.0,10.429650803830345,5.469241132307432
2238,79.652,1172,166,104,966,402,1248,454,2901.0,10.430651393920417,5.469241132307432
2239,101.967,1713,136,328,1507,819,1589,255,2901.0,10.431651984010484,5.469241132307431
2240,67.705,1744,167,308,1538,850,1620,287,2901.0,10.432652574100553,5.469241132307431
2241,47.647,1770,145,0,1563,876,1646,312,2901.0,10.433653164190622,5.469241132307432
2242,71.061,1877,95,107,1671,984,1754,420,2901.0,10.434653754280689,5.469241132307431
2243,89.221,2023,107,252,1816,904,1899,534,2901.0,10.435654344370759,5.469241132307432
2244,22.895,3061,1437,935,1437,2858,4355,3351,2901.0,10.388617932467023,5.468430949722322
2245,4.815,3008,1384,882,1384,2805,4301,3298,2901.0,10.389618521721294,5.468430949722323
2246,14.804,2954,1331,828,1331,2752,4248,3245,2901.0,10.390619110975562,5.468430949722322
2247,28.868,2763,611,109,611,2211,3707,2896,2901.0,10.393620878738373,5.468430949722322
2248,70.981,2763,611,109,611,2211,3707,2896,2901.0,10.394621467992646,5.468430949722321
2249,80.471,2664,883,529,610,1899,3395,2585,2901.0,10.395622057246916,5.468430949722323
2250,107.741,2743,775,637,502,1791,3287,2477,2901.0,10.396622646501188,5.468430949722322
2251,65.308,2701,733,614,460,1750,3246,2435,2901.0,10.397623235755457,5.468430949722321
2252,63.05,2190,552,358,241,1523,3017,2201,2901.0,10.399624414264,5.468430949722322
2253,120.247,2091,518,259,208,1445,2937,2121,2901.0,10.400625003518272,5.468430949722321
2254,90.0,1989,428,156,252,1335,2827,2011,2901.0,10.401625592772541,5.468430949722322
2255,66.906,1872,9,222,389,898,2394,1592,2901.0,10.403626771281084,5.468430949722321
2256,19.059,1872,9,222,389,898,2394,1592,2901.0,10.404627360535354,5.468430949722322
2257,12.406,1557,500,245,339,586,1955,1293,2901.0,10.407629128298165,5.468430949722322
2258,72.38,1557,500,224,401,649,1955,1293,2901.0,10.408629717552436,5.468430949722322
2259,84.666,1425,367,109,516,764,1822,1160,2901.0,10.40963030680671,5.468430949722321
2260,38.034,1229,171,298,667,603,1626,964,2901.0,10.410630896060981,5.468430949722322
2261,47.99,1057,0,404,710,432,1455,793,2901.0,10.411631485315251,5.468430949722322
2262,74.535,1057,0,404,710,432,1455,793,2901.0,10.412632074569522,5.468430949722321
2263,101.128,685,562,409,840,455,1083,639,2901.0,10.413632663823792,5.468430949722322
2264,85.645,685,562,409,840,455,1083,639,2901.0,10.41463325307806,5.468430949722322
2265,77.314,533,369,257,807,247,931,431,2901.0,10.415633842332333,5.468430949722322
2266,119.668,423,301,147,717,389,821,426,2901.0,10.416634431586603,5.468430949722322
2267,60.953,335,212,59,581,445,676,570,2901.0,10.417635020840875,5.468430949722322
2268,90.34,195,239,199,498,584,593,653,2901.0,10.418635610095146,5.468430949722321
2269,78.433,0,435,103,302,397,397,510,2901.0,10.419636199349418,5.468430949722323
2270,53.661,0,435,103,302,397,397,510,2901.0,10.420636788603687,5.468430949722322
2271,48.336,184,284,4,117,212,212,325,2901.0,10.421637377857959,5.468430949722321
2272,58.224,268,360,87,63,140,140,256,2901.0,10.42263796711223,5.468430949722321
2273,8.77,997,436,133,791,0,873,724,2901.0,10.427640913383582,5.468430949722321
2274,71.341,927,411,196,721,157,1031,699,2901.0,10.428641502637856,5.468430949722323
2275,91.858,1025,314,209,818,254,1113,602,2901.0,10.429642091892124,5.468430949722322
2276,63.17,1166,172,110,960,396,1254,460,2901.0,10.430642681146397,5.468430949722321
2277,90.54,1928,351,355,1722,1034,1804,471,2901.0,10.43264385965494,5.468430949722322
2278,60.853,1985,347,214,1778,1091,1861,527,2901.0,10.433644448909211,5.468430949722321
2279,106.063,1906,124,136,1700,1013,1783,449,2901.0,10.43464503816348,5.468430949722321
2280,6.639,3061,1437,935,1437,2858,4355,3351,2901.0,10.38860925610231,5.467620767557255
2281,13.742,3061,1437,935,1437,2858,4355,3351,2901.0,10.389609844520907,5.467620767557254
2282,7.076,2834,1210,708,1210,2632,4128,3125,2901.0,10.390610432939507,5.4676207675572535
2283,62.131,2946,575,73,575,2175,3671,2861,2901.0,10.393612198195305,5.467620767557255
2284,113.534,2872,502,0,502,2102,3598,2787,2901.0,10.394612786613902,5.467620767557254
2285,77.774,2895,531,143,531,2131,3627,2816,2901.0,10.395613375032498,5.467620767557254
2286,93.277,2737,186,302,186,1786,3282,2471,2901.0,10.396613963451099,5.467620767557255
2287,85.787,2630,661,542,389,1678,3174,2364,2901.0,10.3976145518697,5.467620767557255
2288,98.99,2630,661,542,389,1678,3174,2364,2901.0,10.398615140288298,5.467620767557255
2289,96.573,2442,474,355,201,1491,2987,2176,2901.0,10.399615728706896,5.467620767557255
2290,90.06,2179,439,274,128,1410,2904,2088,2901.0,10.400616317125495,5.467620767557254
2291,95.894,2147,315,94,93,1212,2708,1898,2901.0,10.401616905544092,5.467620767557254
2292,69.203,2133,283,108,107,1191,2683,1867,2901.0,10.402617493962692,5.467620767557254
2293,3.336,1557,500,245,339,586,1955,1293,2901.0,10.407620436055687,5.467620767557255
2294,67.326,1557,500,245,339,586,1955,1293,2901.0,10.408621024474286,5.467620767557255
2295,41.349,1282,224,438,485,207,1679,1017,2901.0,10.410622201311485,5.467620767557255
2296,100.528,911,788,404,651,439,1308,894,2901.0,10.411622789730082,5.4676207675572535
2297,100.669,911,788,404,651,439,1308,894,2901.0,10.412623378148684,5.467620767557255
2298,85.565,708,586,370,854,507,1106,691,2901.0,10.41362396656728,5.467620767557255
2299,73.978,656,534,318,903,559,1054,692,2901.0,10.414624554985878,5.467620767557254
2300,95.015,494,372,99,797,604,892,674,2901.0,10.415625143404478,5.4676207675572535
2301,95.954,395,272,0,697,504,792,574,2901.0,10.416625731823077,5.467620767557254
2302,92.378,278,156,116,581,501,676,570,2901.0,10.417626320241673,5.467620767557255
2303,50.364,195,239,199,498,584,593,653,2901.0,10.418626908660272,5.4676207675572535
2304,37.24,0,512,0,405,500,500,481,2901.0,10.419627497078872,5.467620767557255
2305,17.974,0,512,0,405,500,500,481,2901.0,10.420628085497471,5.4676207675572535
2306,72.577,333,489,216,9,7,7,121,2901.0,10.422629262334668,5.467620767557254
2307,9.503,341,497,224,17,7,7,121,2901.0,10.423629850753269,5.467620767557255
2308,61.292,416,777,504,292,153,287,176,2901.0,10.42463043917187,5.467620767557255
2309,18.579,638,691,318,432,358,515,404,2901.0,10.426631616009065,5.467620767557254
2310,35.681,826,512,297,620,202,947,800,2901.0,10.427632204427663,5.467620767557255
2311,51.303,826,512,297,620,202,947,800,2901.0,10.428632792846264,5.467620767557254
2312,87.144,1980,402,326,1774,1086,1856,522,2901.0,10.432635146520658,5.467620767557255
2313,101.927,2019,313,249,1813,1125,1895,561,2901.0,10.433635734939257,5.467620767557254
2314,77.574,2053,279,283,1847,1159,1929,596,2901.0,10.434636323357855,5.467620767557254
2315,11.121,2988,1364,862,1364,2785,4281,3278,2901.0,10.38960116862644,5.466810585812167
2316,1.846,3306,936,434,936,2536,4032,3221,2901.0,10.390601756209493,5.466810585812168
2317,4.836,3306,936,434,936,2536,4032,3221,2901.0,10.391602343792547,5.466810585812168
2318,11.062,2946,575,73,575,2175,3671,2861,2901.0,10.393603518958653,5.466810585812168
2319,12.923,2929,444,57,444,2044,3541,2730,2901.0,10.394604106541705,5.466810585812167
2320,15.461,2737,186,302,186,1786,3282,2471,2901.0,10.396605281707808,5.466810585812167
2321,13.566,2722,170,259,170,1770,3266,2455,2901.0,10.397605869290862,5.466810585812168
2322,106.622,2551,0,254,0,1599,3096,2285,2901.0,10.398606456873914,5.466810585812168
2323,72.899,2384,416,297,143,1433,2929,2118,2901.0,10.399607044456967,5.466810585812168
2324,91.179,2255,296,167,14,1303,2799,1988,2901.0,10.40060763204002,5.466810585812167
2325,99.75,2241,317,152,7,1288,2783,1975,2901.0,10.40160821962307,5.466810585812167
2326,14.424,2277,427,35,187,1317,2813,2011,2901.0,10.402608807206123,5.466810585812167
2327,0.839,1699,516,437,129,391,2046,1503,2901.0,10.406611157538334,5.466810585812168
2328,6.733,1691,523,430,136,384,2038,1495,2901.0,10.407611745121386,5.466810585812168
2329,19.205,1307,432,231,278,0,1705,1225,2901.0,10.40861233270444,5.466810585812168
2330,50.475,1307,432,231,278,0,1705,1225,2901.0,10.409612920287493,5.466810585812167
2331,95.284,1282,224,438,485,207,1679,1017,2901.0,10.410613507870545,5.466810585812167
2332,80.431,975,804,337,584,372,1373,986,2901.0,10.411614095453595,5.466810585812167
2333,91.199,893,771,420,667,455,1291,903,2901.0,10.41261468303665,5.466810585812167
2334,90.7,778,656,125,776,572,1176,836,2901.0,10.413615270619701,5.466810585812167
2335,70.562,685,562,114,873,715,1082,799,2901.0,10.414615858202756,5.466810585812168
2336,92.158,548,426,124,851,658,946,727,2901.0,10.415616445785808,5.466810585812167
2337,84.127,465,0,400,790,779,799,754,2901.0,10.416617033368862,5.466810585812167
2338,52.842,342,5,278,667,660,676,640,2901.0,10.417617620951912,5.466810585812167
2339,46.173,337,151,424,536,521,545,496,2901.0,10.418618208534966,5.466810585812167
2340,32.353,337,151,424,536,521,545,496,2901.0,10.419618796118016,5.466810585812167
2341,29.923,0,512,0,405,500,500,481,2901.0,10.420619383701068,5.466810585812167
2342,39.508,149,487,324,174,181,183,156,2901.0,10.421619971284123,5.466810585812168
2343,105.983,229,563,404,200,109,210,84,2901.0,10.422620558867177,5.466810585812167
2344,43.732,299,618,345,133,36,134,23,2901.0,10.423621146450229,5.466810585812168
2345,7.672,426,787,514,302,163,297,186,2901.0,10.424621734033282,5.466810585812167
2346,3.436,638,691,318,432,358,515,404,2901.0,10.426622909199384,5.466810585812167
2347,100.749,826,512,297,620,202,947,800,2901.0,10.428624084365492,5.466810585812167
2348,90.16,2003,426,326,1797,1109,1879,546,2901.0,10.432626434697701,5.466810585812167
2349,7.756,2061,408,384,1854,1167,1937,603,2901.0,10.433627022280755,5.466810585812167
2350,7.715,3306,936,434,936,2536,4032,3221,2901.0,10.39059308078551,5.466000404487
2351,14.412,3270,900,398,900,2500,3996,3185,2901.0,10.391593667533142,5.466000404487
2352,3.837,3080,544,160,544,2144,3640,2829,2901.0,10.393594841028406,5.466000404486999
2353,5.078,3056,520,136,520,2120,3616,2805,2901.0,10.39459542777604,5.466000404486999
2354,6.294,2960,408,105,408,2008,3504,2693,2901.0,10.395596014523669,5.466000404487
2355,11.652,2806,254,0,254,1854,3351,2540,2901.0,10.396596601271302,5.466000404486999
2356,13.013,2628,77,177,77,1677,3173,2362,2901.0,10.397597188018937,5.466000404486999
2357,13.476,2551,0,254,0,1599,3096,2285,2901.0,10.398597774766566,5.466000404487
2358,12.799,2392,378,304,150,1440,2936,2125,2901.0,10.40059894826183,5.466000404486999
2359,13.134,2340,491,98,251,1380,2877,2074,2901.0,10.401599535009463,5.466000404487
2360,10.38,2391,542,150,302,1305,2928,2125,2901.0,10.402600121757095,5.466000404486999
2361,30.207,2391,542,150,302,1305,2928,2125,2901.0,10.403600708504728,5.466000404486999
2362,9.323,1706,508,445,121,399,2053,1510,2901.0,10.406602468747623,5.466000404486999
2363,2.757,1585,630,324,0,278,1932,1503,2901.0,10.407603055495255,5.466000404487
2364,49.088,1307,432,231,278,0,1705,1225,2901.0,10.408603642242886,5.466000404486999
2365,62.342,1241,497,165,284,65,1639,1196,2901.0,10.409604228990519,5.466000404486999
2366,87.823,1215,565,97,344,133,1613,1201,2901.0,10.410604815738152,5.466000404487
2367,128.058,992,777,312,589,378,1390,1042,2901.0,10.411605402485785,5.466000404486999
2368,99.21,904,781,0,650,553,1301,962,2901.0,10.412605989233416,5.466000404487
2369,87.583,864,742,39,690,593,1262,922,2901.0,10.41360657598105,5.466000404487
2370,74.247,687,565,0,872,775,1085,866,2901.0,10.41460716272868,5.466000404487
2371,62.251,666,544,20,887,776,1064,845,2901.0,10.415607749476312,5.466000404486999
2372,75.017,818,353,377,1143,1132,1152,1107,2901.0,10.416608336223945,5.466000404487
2373,110.797,818,353,377,1143,1132,1152,1107,2901.0,10.417608922971576,5.466000404486999
2374,82.329,599,306,437,798,783,807,758,2901.0,10.418609509719207,5.466000404486999
2375,48.549,337,151,424,536,521,545,496,2901.0,10.41961009646684,5.466000404487
2376,52.544,73,340,248,334,331,344,306,2901.0,10.420610683214472,5.466000404486999
2377,69.034,70,406,245,268,265,277,240,2901.0,10.421611269962106,5.466000404486999
2378,110.438,229,563,404,200,181,210,156,2901.0,10.422611856709738,5.466000404487
2379,75.856,282,627,354,141,0,150,25,2901.0,10.423612443457369,5.466000404486999
2380,0.0,477,853,156,270,473,598,565,2901.0,10.425613616952633,5.466000404487
2381,9.549,477,853,156,270,473,598,565,2901.0,10.426614203700266,5.466000404486999
2382,93.497,579,759,131,373,449,700,673,2901.0,10.427614790447896,5.466000404486999
2383,63.69,716,1036,268,483,462,837,972,2901.0,10.428615377195529,5.466000404487
2384,63.809,898,948,525,600,579,986,1205,2901.0,10.429615963943162,5.466000404487
2385,91.439,898,948,525,600,579,986,1205,2901.0,10.430616550690793,5.466000404486999
2386,3.611,3532,1555,1053,1555,3155,4651,3822,2901.0,10.386582063018201,5.465190223581684
2387,9.266,3284,1324,822,1324,2924,4420,3574,2901.0,10.387582648930534,5.465190223581684
2388,7.309,3365,1243,741,1243,2843,4339,3529,2901.0,10.388583234842875,5.465190223581683
2389,10.132,3480,1128,626,1128,2728,4224,3413,2901.0,10.389583820755211,5.4651902235816845
2390,11.717,3372,1001,499,1001,2601,4097,3287,2901.0,10.390584406667548,5.465190223581684
2391,15.511,3289,919,417,919,2519,4015,3204,2901.0,10.391584992579887,5.465190223581684
2392,7.538,3272,735,351,735,2335,3831,3020,2901.0,10.392585578492223,5.4651902235816845
2393,3.741,3016,465,54,465,2064,3561,2750,2901.0,10.3945867503169,5.465190223581684
2394,4.067,2854,302,47,302,1902,3398,2587,2901.0,10.395587336229235,5.465190223581683
2395,10.094,2820,268,45,268,1868,3364,2554,2901.0,10.396587922141572,5.465190223581683
2396,15.34,2692,140,232,140,1740,3236,2425,2901.0,10.397588508053913,5.465190223581684
2397,12.871,2733,203,295,203,1781,3277,2467,2901.0,10.39858909396625,5.465190223581683
2398,13.969,2534,402,445,293,1582,3079,2268,2901.0,10.399589679878586,5.465190223581684
2399,8.618,2451,437,363,210,1499,2995,2185,2901.0,10.400590265790923,5.465190223581683
2400,11.49,2517,503,387,276,1554,3062,2251,2901.0,10.401590851703261,5.465190223581684
2401,5.402,2452,602,210,362,1376,2988,2185,2901.0,10.402591437615596,5.4651902235816845
2402,8.479,2487,638,246,398,1209,2864,2221,2901.0,10.403592023527935,5.465190223581684
2403,0.436,1674,799,413,272,367,2022,1592,2901.0,10.40659378126495,5.4651902235816845
2404,0.962,1493,618,232,91,186,1840,1411,2901.0,10.407594367177284,5.465190223581684
2405,6.287,1480,605,219,104,173,1827,1398,2901.0,10.40859495308962,5.465190223581684
2406,71.408,1313,663,0,246,231,1703,1299,2901.0,10.409595539001959,5.465190223581683
2407,82.928,1215,565,97,344,133,1613,1201,2901.0,10.410596124914298,5.465190223581684
2408,76.635,1089,686,219,466,309,1487,1147,2901.0,10.411596710826633,5.465190223581683
2409,122.085,904,781,0,650,553,1301,962,2901.0,10.412597296738971,5.465190223581683
2410,78.873,904,781,0,650,553,1301,962,2901.0,10.41359788265131,5.465190223581684
2411,74.917,686,220,205,998,1000,1019,975,2901.0,10.415599054475985,5.465190223581683
2412,109.878,818,353,377,1143,1132,1152,1107,2901.0,10.416599640388318,5.465190223581684
2413,101.827,861,461,450,1060,1046,1069,1021,2901.0,10.417600226300657,5.465190223581684
2414,101.128,803,519,391,1001,987,1011,962,2901.0,10.418600812212997,5.465190223581683
2415,84.666,417,231,406,615,601,624,576,2901.0,10.419601398125335,5.4651902235816845
2416,107.901,192,527,322,391,377,400,351,2901.0,10.42060198403767,5.465190223581683
2417,130.695,192,527,322,391,377,400,351,2901.0,10.421602569950009,5.465190223581684
2418,52.722,308,643,445,279,188,289,163,2901.0,10.422603155862346,5.4651902235816845
2419,56.338,308,643,445,279,188,289,163,2901.0,10.423603741774683,5.4651902235816845
2420,0.12,384,798,63,177,380,505,658,2901.0,10.425604913599358,5.465190223581684
2421,27.107,477,853,156,270,473,598,565,2901.0,10.426605499511695,5.465190223581683
2422,85.685,614,869,166,394,422,735,789,2901.0,10.427606085424031,5.465190223581684
2423,5.341,716,1036,268,483,462,837,972,2901.0,10.428606671336368,5.465190223581683
2424,9.01,898,948,525,600,579,986,1205,2901.0,10.429607257248705,5.465190223581683
2425,4.988,898,948,525,600,579,986,1205,2901.0,10.430607843161045,5.465190223581683
2426,8.785,3425,1448,946,1448,3048,4544,3715,2901.0,10.386573393546927,5.464380043096161
2427,8.95,3377,1400,897,1400,3000,4496,3667,2901.0,10.387573978624093,5.464380043096161
2428,9.828,3292,1315,813,1315,2915,4412,3583,2901.0,10.388574563701262,5.464380043096161
2429,4.399,3458,1087,585,1087,2687,4183,3372,2901.0,10.38957514877843,5.46438004309616
2430,4.331,3422,1052,550,1052,2652,4148,3337,2901.0,10.390575733855599,5.464380043096161
2431,15.349,3419,883,499,883,2483,3979,3168,2901.0,10.391576318932767,5.464380043096161
2432,12.706,3348,811,427,811,2411,3907,3096,2901.0,10.392576904009937,5.46438004309616
2433,10.169,3394,857,473,857,2457,3953,3143,2901.0,10.393577489087106,5.4643800430961615
2434,14.791,3065,514,0,514,2114,3610,2799,2901.0,10.394578074164272,5.464380043096161
2435,5.038,3030,478,223,478,2078,3574,2763,2901.0,10.395578659241442,5.464380043096161
2436,13.795,2888,336,144,336,1936,3432,2621,2901.0,10.39657924431861,5.464380043096161
2437,14.254,2791,292,384,292,1840,3336,2525,2901.0,10.397579829395779,5.464380043096161
2438,13.78,2759,264,356,264,1807,3303,2493,2901.0,10.398580414472947,5.464380043096161
2439,16.745,2659,388,481,368,1707,3203,2392,2901.0,10.399580999550116,5.46438004309616
2440,17.217,2517,503,387,276,1554,3062,2251,2901.0,10.400581584627284,5.464380043096161
2441,12.806,2517,503,387,276,1554,3062,2251,2901.0,10.401582169704453,5.46438004309616
2442,1.535,1772,897,511,370,465,2119,1690,2901.0,10.405584510013126,5.46438004309616
2443,1.528,1663,788,402,261,356,2011,1581,2901.0,10.406585095090296,5.464380043096161
2444,3.967,1561,686,300,159,254,1908,1479,2901.0,10.407585680167463,5.46438004309616
2445,4.927,1417,653,143,103,245,1751,1376,2901.0,10.408586265244631,5.464380043096161
2446,4.466,1322,710,47,199,278,1655,1346,2901.0,10.4095868503218,5.464380043096161
2447,6.335,1158,548,119,365,454,1492,1249,2901.0,10.41058743539897,5.464380043096161
2448,5.357,1152,555,125,369,448,1486,1243,2901.0,10.411588020476135,5.464380043096161
2449,7.202,942,477,383,769,869,1276,1231,2901.0,10.413589190630477,5.464380043096161
2450,9.866,942,477,383,769,869,1276,1231,2901.0,10.414589775707642,5.464380043096161
2451,7.089,767,302,123,1067,1082,1101,1056,2901.0,10.41559036078481,5.4643800430961615
2452,84.187,767,302,123,1067,1082,1101,1056,2901.0,10.416590945861978,5.46438004309616
2453,97.392,617,431,205,815,801,825,776,2901.0,10.418592116016315,5.464380043096161
2454,83.188,420,425,308,618,604,628,579,2901.0,10.419592701093485,5.464380043096161
2455,104.824,289,574,358,488,473,497,448,2901.0,10.420593286170652,5.464380043096161
2456,90.26,233,601,238,233,136,175,371,2901.0,10.422594456324992,5.464380043096161
2457,70.922,9,568,203,9,88,127,300,2901.0,10.423595041402159,5.464380043096161
2458,76.096,4,573,208,4,92,132,303,2901.0,10.424595626479325,5.46438004309616
2459,52.881,384,798,63,177,380,505,658,2901.0,10.425596211556496,5.46438004309616
2460,6.212,415,830,31,209,394,536,690,2901.0,10.426596796633666,5.464380043096161
2461,7.254,568,883,120,318,314,689,824,2901.0,10.427597381710832,5.46438004309616
2462,8.585,648,979,200,415,394,769,904,2901.0,10.428597966788,5.464380043096161
2463,8.393,807,856,432,509,488,894,1096,2901.0,10.429598551865167,5.464380043096161
2464,1.759,771,820,452,472,452,858,1077,2901.0,10.430599136942337,5.464380043096161
2465,16.389,3420,1442,940,1442,3042,4539,3710,2901.0,10.386564725381154,5.463569863030365
2466,9.874,3420,1442,940,1442,3042,4539,3710,2901.0,10.387565309623279,5.463569863030364
2467,9.012,3531,1023,639,1023,2623,4119,3309,2901.0,10.390567062349652,5.463569863030364
2468,13.665,3487,951,567,951,2551,4047,3236,2901.0,10.39156764659178,5.463569863030364
2469,9.641,3394,857,473,857,2457,3953,3143,2901.0,10.393568815076028,5.463569863030364
2470,4.694,3030,478,223,478,2078,3574,2763,2901.0,10.39556998356028,5.463569863030365
2471,10.724,3040,488,263,488,2088,3584,2774,2901.0,10.396570567802403,5.463569863030365
2472,11.397,2791,292,384,292,1840,3336,2525,2901.0,10.39757115204453,5.463569863030364
2473,12.93,2765,321,413,321,1813,3309,2498,2901.0,10.398571736286657,5.463569863030364
2474,8.165,2932,488,563,488,1973,3477,2666,2901.0,10.399572320528781,5.463569863030364
2475,10.476,2811,617,678,570,1848,3356,2545,2901.0,10.400572904770906,5.463569863030364
2476,5.355,2681,667,551,440,1717,3225,2414,2901.0,10.401573489013032,5.463569863030364
2477,2.478,2681,667,551,440,1717,3225,2414,2901.0,10.402574073255158,5.463569863030364
2478,1.446,1779,904,518,377,471,2126,1697,2901.0,10.405575825981531,5.463569863030364
2479,3.347,1663,788,402,261,356,2010,1581,2901.0,10.406576410223657,5.463569863030364
2480,6.851,1521,570,246,0,349,1855,1480,2901.0,10.407576994465783,5.463569863030365
2481,8.207,1521,570,246,0,349,1855,1480,2901.0,10.408577578707908,5.463569863030364
2482,8.03,1339,540,174,535,635,1673,1430,2901.0,10.409578162950032,5.463569863030364
2483,6.697,1234,472,43,430,530,1568,1325,2901.0,10.41057874719216,5.463569863030364
2484,9.207,1278,490,0,474,574,1612,1369,2901.0,10.411579331434284,5.463569863030364
2485,6.745,972,460,353,739,839,1306,1261,2901.0,10.413580499918533,5.463569863030365
2486,10.706,942,477,383,769,869,1276,1231,2901.0,10.41458108416066,5.463569863030364
2487,9.232,827,362,63,1007,1107,1161,1116,2901.0,10.415581668402785,5.463569863030364
2488,7.974,998,494,314,1216,1295,1332,1288,2901.0,10.41658225264491,5.463569863030365
2489,7.811,1106,562,629,1362,1420,1440,1395,2901.0,10.417582836887034,5.463569863030364
2490,8.243,617,431,205,815,801,825,776,2901.0,10.41858342112916,5.463569863030364
2491,7.813,617,431,205,815,801,825,776,2901.0,10.419584005371284,5.463569863030365
2492,8.952,481,653,290,481,384,344,469,2901.0,10.42058458961341,5.463569863030364
2493,10.398,481,653,290,481,384,344,469,2901.0,10.421585173855537,5.463569863030364
2494,8.49,251,579,216,251,154,154,392,2901.0,10.422585758097663,5.463569863030365
2495,6.994,130,488,122,130,32,49,421,2901.0,10.423586342339787,5.463569863030364
2496,7.103,106,684,319,106,204,243,412,2901.0,10.424586926581911,5.463569863030364
2497,7.491,106,684,319,106,204,243,412,2901.0,10.425587510824036,5.463569863030365
2498,5.512,379,765,153,173,263,500,669,2901.0,10.426588095066162,5.463569863030364
2499,10.027,537,803,185,238,218,624,843,2901.0,10.42758867930829,5.463569863030364
2500,6.256,585,795,266,287,266,673,891,2901.0,10.428589263550414,5.463569863030365
2501,5.602,660,721,340,361,340,747,966,2901.0,10.429589847792537,5.463569863030364
2502,2.994,771,820,452,472,452,858,1077,2901.0,10.430590432034663,5.463569863030364
2503,2.044,3654,1156,772,1156,2756,4252,3441,2901.0,10.389557808742492,5.462759683384235
2504,15.576,3654,1156,772,1156,2756,4252,3441,2901.0,10.3905583921497,5.462759683384235
2505,5.032,3669,1152,768,1152,2752,4248,3437,2901.0,10.391558975556908,5.462759683384234
2506,8.255,3424,872,363,872,2472,3968,3158,2901.0,10.39456072577853,5.462759683384235
2507,5.323,3040,488,263,488,2088,3584,2774,2901.0,10.395561309185737,5.462759683384235
2508,16.084,3104,552,200,552,2152,3648,2837,2901.0,10.396561892592945,5.462759683384234
2509,9.89,3179,643,108,643,2227,3723,2912,2901.0,10.397562476000155,5.462759683384235
2510,7.575,2949,449,246,449,1997,3493,2682,2901.0,10.398563059407362,5.462759683384234
2511,8.779,2911,512,539,512,1950,3456,2645,2901.0,10.399563642814572,5.462759683384235
2512,11.065,2770,655,637,529,1806,3314,2503,2901.0,10.400564226221777,5.462759683384235
2513,6.145,2770,655,637,529,1806,3314,2503,2901.0,10.401564809628988,5.462759683384235
2514,10.386,2199,955,563,715,892,2546,2117,2901.0,10.403565976443401,5.462759683384235
2515,8.325,2039,820,437,637,731,2386,1957,2901.0,10.40456655985061,5.462759683384234
2516,1.172,2039,820,437,637,731,2386,1957,2901.0,10.405567143257818,5.462759683384234
2517,2.184,1830,610,228,428,522,2177,1748,2901.0,10.406567726665024,5.462759683384234
2518,4.26,1830,610,228,428,522,2177,1748,2901.0,10.407568310072236,5.462759683384235
2519,7.025,1658,453,188,136,486,1992,1617,2901.0,10.408568893479442,5.462759683384234
2520,8.295,1278,490,0,474,574,1612,1369,2901.0,10.410570060293857,5.462759683384234
2521,8.191,1263,457,94,568,668,1596,1463,2901.0,10.411570643701063,5.462759683384234
2522,6.593,1093,352,241,800,899,1427,1382,2901.0,10.412571227108273,5.462759683384234
2523,5.953,1043,402,287,749,849,1377,1332,2901.0,10.413571810515482,5.462759683384235
2524,8.212,1020,543,129,1005,1105,1354,1309,2901.0,10.41457239392269,5.462759683384235
2525,6.991,1020,543,129,1005,1105,1354,1309,2901.0,10.415572977329896,5.462759683384234
2526,7.284,1106,562,629,1362,1420,1440,1395,2901.0,10.416573560737104,5.462759683384236
2527,7.288,1197,495,675,1410,1447,1470,1422,2901.0,10.41757414414431,5.462759683384234
2528,7.553,579,499,93,777,763,744,738,2901.0,10.41857472755152,5.462759683384235
2529,7.709,515,463,0,714,690,650,674,2901.0,10.419575310958727,5.462759683384235
2530,9.119,425,399,214,425,328,288,572,2901.0,10.421576477773144,5.462759683384234
2531,8.429,331,495,132,331,233,194,476,2901.0,10.42257706118035,5.462759683384235
2532,6.266,239,423,58,239,142,102,526,2901.0,10.423577644587558,5.462759683384235
2533,5.926,125,452,87,125,28,11,416,2901.0,10.424578227994765,5.462759683384234
2534,7.301,341,506,290,114,266,249,635,2901.0,10.425578811401975,5.462759683384234
2535,7.263,239,620,189,12,189,327,538,2901.0,10.426579394809181,5.462759683384235
2536,7.922,380,647,57,86,57,463,682,2901.0,10.427579978216391,5.462759683384234
2537,9.488,525,791,206,226,206,612,831,2901.0,10.4285805616236,5.462759683384236
2538,8.13,585,795,266,287,266,673,891,2901.0,10.429581145030806,5.462759683384234
2539,12.179,3198,647,144,647,2247,3743,2932,2901.0,10.396553218690226,5.461949504157706
2540,17.124,3101,602,80,602,2149,3645,2835,2901.0,10.397553801262642,5.461949504157706
2541,15.191,3034,534,170,534,2082,3578,2767,2901.0,10.398554383835059,5.461949504157706
2542,12.142,3074,575,298,575,2123,3612,2808,2901.0,10.399554966407477,5.461949504157707
2543,5.905,2952,597,454,597,1989,3456,2686,2901.0,10.400555548979892,5.461949504157707
2544,7.265,2871,828,686,630,1801,3224,2605,2901.0,10.401556131552308,5.461949504157707
2545,1.478,2871,828,686,630,1801,3224,2605,2901.0,10.402556714124723,5.461949504157706
2546,8.478,2199,955,563,715,892,2546,2117,2901.0,10.403557296697139,5.461949504157706
2547,2.329,2039,820,437,637,731,2386,1957,2901.0,10.404557879269555,5.461949504157707
2548,0.206,2039,820,437,637,731,2386,1957,2901.0,10.405558461841974,5.461949504157706
2549,1.245,1904,573,190,502,597,2236,1822,2901.0,10.406559044414388,5.461949504157706
2550,3.969,1857,583,200,456,550,2197,1775,2901.0,10.407559626986803,5.461949504157707
2551,3.394,1771,372,59,265,615,2034,1746,2901.0,10.408560209559221,5.461949504157706
2552,8.257,1493,331,172,424,566,1827,1660,2901.0,10.409560792131638,5.461949504157706
2553,8.763,1374,331,31,561,661,1708,1487,2901.0,10.410561374704052,5.461949504157706
2554,8.055,1281,165,53,637,779,1615,1570,2901.0,10.411561957276469,5.461949504157707
2555,2.551,1334,111,0,650,832,1668,1623,2901.0,10.412562539848885,5.461949504157706
2556,7.665,1160,336,253,866,966,1493,1449,2901.0,10.413563122421301,5.461949504157707
2557,7.066,1274,344,308,1041,1295,1391,1433,2901.0,10.414563704993716,5.461949504157706
2558,7.525,1274,344,308,1041,1295,1391,1433,2901.0,10.415564287566134,5.461949504157706
2559,7.245,779,332,263,977,954,914,938,2901.0,10.417565452710965,5.461949504157706
2560,7.779,713,404,227,911,897,878,872,2901.0,10.418566035283384,5.461949504157706
2561,8.861,582,512,67,720,623,583,703,2901.0,10.4195666178558,5.461949504157707
2562,8.562,588,518,73,714,616,577,701,2901.0,10.420567200428215,5.461949504157706
2563,7.464,425,399,214,425,328,288,572,2901.0,10.42156778300063,5.461949504157706
2564,8.132,395,370,183,395,298,258,603,2901.0,10.422568365573047,5.461949504157707
2565,7.793,321,256,108,321,224,184,612,2901.0,10.423568948145464,5.461949504157706
2566,4.043,453,352,260,267,367,336,746,2901.0,10.42456953071788,5.461949504157706
2567,7.241,359,487,309,132,284,267,654,2901.0,10.425570113290297,5.461949504157707
2568,8.926,567,631,137,273,137,516,861,2901.0,10.426570695862713,5.461949504157707
2569,7.173,429,598,0,135,0,503,723,2901.0,10.42757127843513,5.461949504157706
2570,10.318,786,594,329,273,442,665,1092,2901.0,10.42957244357996,5.461949504157707
2571,11.853,3360,809,238,809,2408,3905,3094,2901.0,10.396544546094233,5.461139325350719
2572,6.846,3181,682,0,682,2229,3725,2915,2901.0,10.397545127831984,5.461139325350719
2573,15.368,3074,575,298,575,2123,3612,2808,2901.0,10.398545709569735,5.461139325350718
2574,13.212,3202,703,426,703,2198,3622,2936,2901.0,10.399546291307484,5.461139325350718
2575,6.573,3009,654,511,654,1975,3399,2743,2901.0,10.400546873045236,5.461139325350719
2576,6.573,2871,828,686,630,1801,3224,2605,2901.0,10.401547454782985,5.461139325350718
2577,2.351,2871,828,686,630,1801,3224,2605,2901.0,10.402548036520736,5.461139325350719
2578,1.059,1999,668,285,597,691,2330,1917,2901.0,10.405549781733987,5.461139325350718
2579,4.802,1999,668,285,597,691,2330,1917,2901.0,10.406550363471737,5.461139325350718
2580,3.14,1913,514,132,456,618,2177,1844,2901.0,10.407550945209488,5.461139325350717
2581,4.452,1781,382,0,324,674,2045,1805,2901.0,10.408551526947237,5.461139325350718
2582,7.614,1610,239,170,386,686,1895,1777,2901.0,10.409552108684986,5.461139325350718
2583,8.245,1377,260,56,541,683,1710,1543,2901.0,10.410552690422739,5.461139325350719
2584,9.943,1426,111,92,578,832,1681,1623,2901.0,10.41155327216049,5.461139325350719
2585,5.529,1383,162,0,732,1060,1500,1542,2901.0,10.41255385389824,5.461139325350718
2586,6.024,1312,208,85,779,1054,1470,1511,2901.0,10.41355443563599,5.461139325350718
2587,6.584,1267,277,115,848,1103,1384,1426,2901.0,10.41455501737374,5.461139325350717
2588,8.209,1205,275,342,1074,1329,1322,1364,2901.0,10.415555599111489,5.461139325350718
2589,9.178,1183,253,444,1181,1339,1300,1342,2901.0,10.41655618084924,5.461139325350718
2590,8.818,732,246,216,930,906,867,891,2901.0,10.417556762586988,5.461139325350718
2591,9.533,705,389,190,843,746,706,830,2901.0,10.418557344324743,5.461139325350718
2592,7.415,705,389,190,843,746,706,830,2901.0,10.41955792606249,5.461139325350717
2593,8.084,750,383,239,750,652,613,867,2901.0,10.42055850780024,5.461139325350718
2594,6.652,552,267,339,552,454,415,704,2901.0,10.42155908953799,5.461139325350719
2595,8.245,508,223,295,508,410,371,748,2901.0,10.422559671275742,5.461139325350717
2596,8.164,349,228,136,349,252,212,640,2901.0,10.423560253013491,5.461139325350718
2597,5.103,601,305,339,374,339,504,895,2901.0,10.424560834751242,5.461139325350718
2598,6.621,518,541,227,278,227,426,812,2901.0,10.425561416488993,5.461139325350719
2599,5.049,567,631,137,273,137,516,861,2901.0,10.426561998226743,5.461139325350718
2600,5.602,568,450,0,232,218,440,874,2901.0,10.427562579964492,5.461139325350718
2601,6.876,667,454,99,133,303,525,973,2901.0,10.428563161702245,5.461139325350718
2602,6.828,763,460,195,139,308,531,1070,2901.0,10.429563743439994,5.461139325350717
2603,11.434,3360,809,238,809,2408,3905,3094,2901.0,10.39653587480496,5.460329146963207
2604,6.235,3356,857,175,857,2322,3745,3090,2901.0,10.39753645570817,5.460329146963207
2605,16.323,3202,703,426,703,2198,3622,2936,2901.0,10.39853703661138,5.460329146963206
2606,8.413,3202,703,426,703,2198,3622,2936,2901.0,10.39953761751459,5.460329146963206
2607,3.457,2035,636,253,578,740,2299,1966,2901.0,10.40754226474027,5.460329146963207
2608,6.407,1671,272,110,419,746,1934,1838,2901.0,10.408542845643481,5.460329146963206
2609,8.768,1687,288,126,434,762,1930,1853,2901.0,10.409543426546692,5.460329146963207
2610,8.18,1709,403,115,549,877,1826,1868,2901.0,10.410544007449902,5.460329146963206
2611,5.97,1457,17,122,553,881,1679,1721,2901.0,10.411544588353111,5.460329146963206
2612,7.37,1433,62,99,633,961,1599,1641,2901.0,10.412545169256322,5.460329146963206
2613,5.713,1383,162,0,732,1060,1500,1542,2901.0,10.413545750159532,5.460329146963207
2614,9.755,1185,255,198,930,1185,1302,1344,2901.0,10.414546331062741,5.460329146963206
2615,6.308,1063,133,320,1052,1219,1180,1222,2901.0,10.415546911965953,5.460329146963207
2616,11.006,970,68,259,1113,1126,1087,1129,2901.0,10.416547492869164,5.460329146963207
2617,7.175,829,265,313,967,870,830,954,2901.0,10.417548073772373,5.460329146963207
2618,9.214,820,274,305,959,861,822,946,2901.0,10.418548654675584,5.460329146963207
2619,9.019,708,341,240,708,610,571,886,2901.0,10.420549816482001,5.460329146963207
2620,9.379,532,231,319,532,435,395,772,2901.0,10.421550397385214,5.460329146963206
2621,8.121,503,150,291,503,389,367,769,2901.0,10.422550978288424,5.460329146963207
2622,10.387,581,208,243,479,243,444,872,2901.0,10.423551559191633,5.460329146963207
2623,7.86,635,305,334,409,334,523,930,2901.0,10.424552140094844,5.460329146963207
2624,11.948,680,370,379,423,379,589,975,2901.0,10.425552720998054,5.460329146963207
2625,6.265,752,478,247,269,247,452,1047,2901.0,10.426553301901265,5.460329146963207
2626,5.194,657,370,138,161,138,344,952,2901.0,10.427553882804474,5.460329146963207
2627,8.029,741,381,169,59,229,451,1047,2901.0,10.428554463707682,5.460329146963206
2628,8.436,901,598,333,276,446,668,1207,2901.0,10.429555044610895,5.460329146963207
2629,2.053,901,598,333,276,446,668,1207,2901.0,10.430555625514105,5.460329146963206
2630,12.871,3356,857,175,857,2322,3745,3090,2901.0,10.396527204822393,5.459518968995108
2631,9.781,3356,857,175,857,2322,3745,3090,2901.0,10.397527784891194,5.459518968995108
2632,11.571,3335,942,321,942,2175,3599,3104,2901.0,10.398528364959986,5.459518968995108
2633,4.242,3215,787,477,787,2114,3537,2949,2901.0,10.399528945028782,5.459518968995108
2634,1.62,2673,1116,974,918,1513,2936,2738,2901.0,10.40153010516637,5.459518968995108
2635,3.116,1974,575,330,674,836,2237,2061,2901.0,10.407533585579147,5.459518968995108
2636,8.15,1890,492,249,638,919,2154,2057,2901.0,10.408534165647941,5.459518968995108
2637,7.963,1709,403,115,549,877,1826,1868,2901.0,10.409534745716739,5.459518968995107
2638,8.683,1709,403,115,549,877,1826,1868,2901.0,10.410535325785533,5.459518968995107
2639,6.973,1628,432,170,835,1163,1745,1787,2901.0,10.411535905854329,5.459518968995107
2640,4.474,1534,524,263,928,1256,1652,1694,2901.0,10.412536485923125,5.459518968995107
2641,10.864,1299,369,323,1056,1311,1416,1458,2901.0,10.413537065991921,5.459518968995108
2642,9.766,1299,369,323,1056,1311,1416,1458,2901.0,10.414537646060717,5.459518968995108
2643,7.491,1013,83,274,1102,1170,1130,1172,2901.0,10.41553822612951,5.459518968995108
2644,5.792,966,12,203,1165,1123,1083,1125,2901.0,10.416538806198309,5.459518968995108
2645,9.436,992,163,158,1112,1015,976,1117,2901.0,10.417539386267103,5.459518968995107
2646,5.333,1069,241,91,1078,981,941,1195,2901.0,10.4185399663359,5.459518968995107
2647,4.518,665,299,241,665,568,528,906,2901.0,10.42054112647349,5.459518968995108
2648,8.677,738,226,168,738,641,601,979,2901.0,10.421541706542286,5.459518968995107
2649,8.859,578,0,316,578,447,441,869,2901.0,10.422542286611083,5.459518968995108
2650,10.421,638,176,181,585,181,501,929,2901.0,10.423542866679878,5.459518968995108
2651,9.424,652,167,167,546,167,515,943,2901.0,10.424543446748675,5.459518968995107
2652,7.225,680,370,379,423,379,589,975,2901.0,10.42554402681747,5.459518968995108
2653,5.857,752,478,247,269,247,452,1047,2901.0,10.426544606886264,5.459518968995108
2654,5.248,723,299,67,109,67,282,1023,2901.0,10.427545186955061,5.459518968995108
2655,5.384,801,321,169,0,169,391,1107,2901.0,10.428545767023857,5.459518968995107
2656,5.953,919,202,248,118,248,473,1225,2901.0,10.429546347092653,5.459518968995108
2657,5.552,1022,412,454,327,458,682,1328,2901.0,10.430546927161446,5.459518968995107
2658,3.924,1022,412,454,327,458,682,1328,2901.0,10.431547507230245,5.459518968995108
2659,17.753,3489,1037,355,1037,2329,3752,3270,2901.0,10.396518536146525,5.45870879144636
2660,14.313,3321,1126,444,1126,2162,3585,3321,2901.0,10.397519115381035,5.458708791446361
2661,17.961,3287,894,370,894,2127,3550,3055,2901.0,10.398519694615539,5.458708791446359
2662,3.083,3287,894,370,894,2127,3550,3055,2901.0,10.399520273850047,5.45870879144636
2663,1.034,2673,1116,974,918,1513,2936,2738,2901.0,10.401521432319061,5.458708791446359
2664,7.19,2447,1048,800,1125,1287,2710,2512,2901.0,10.403522590788079,5.45870879144636
2665,4.773,2336,937,689,1014,1176,2599,2401,2901.0,10.404523170022582,5.45870879144636
2666,6.97,1963,564,322,685,847,2227,2072,2901.0,10.407524907726106,5.458708791446359
2667,6.647,1890,492,249,638,919,2154,2057,2901.0,10.408525486960611,5.45870879144636
2668,7.148,1903,602,104,769,1064,2020,2062,2901.0,10.40952606619512,5.45870879144636
2669,9.282,1798,498,0,665,993,1915,1957,2901.0,10.410526645429625,5.458708791446359
2670,7.419,1608,408,184,860,1188,1725,1767,2901.0,10.411527224664134,5.458708791446361
2671,6.774,1491,480,263,972,1300,1608,1650,2901.0,10.41252780389864,5.45870879144636
2672,10.262,1333,403,221,1187,1451,1450,1492,2901.0,10.413528383133146,5.45870879144636
2673,8.227,1303,373,252,1162,1421,1420,1462,2901.0,10.414528962367655,5.45870879144636
2674,7.43,1200,249,274,1244,1357,1317,1359,2901.0,10.415529541602162,5.45870879144636
2675,5.063,1082,103,88,1272,1202,1162,1241,2901.0,10.41653012083667,5.458708791446359
2676,6.757,1115,164,34,1219,1122,1082,1241,2901.0,10.417530700071175,5.45870879144636
2677,7.872,1004,315,17,1004,907,867,1160,2901.0,10.418531279305684,5.458708791446361
2678,10.439,885,402,85,885,788,749,1126,2901.0,10.41953185854019,5.458708791446359
2679,9.777,894,316,0,894,764,758,1147,2901.0,10.420532437774698,5.45870879144636
2680,5.251,696,117,198,696,565,559,987,2901.0,10.421533017009203,5.45870879144636
2681,4.075,722,144,461,722,592,586,1014,2901.0,10.422533596243712,5.458708791446359
2682,6.399,758,207,207,652,207,621,1049,2901.0,10.423534175478219,5.45870879144636
2683,8.947,758,227,227,579,227,641,1049,2901.0,10.424534754712726,5.45870879144636
2684,7.922,851,335,335,605,335,748,1145,2901.0,10.425535333947234,5.458708791446361
2685,3.623,787,330,0,169,0,225,1091,2901.0,10.427536492416246,5.45870879144636
2686,6.534,829,189,140,211,140,365,1133,2901.0,10.428537071650755,5.45870879144636
2687,6.071,892,125,188,195,204,429,1197,2901.0,10.429537650885262,5.45870879144636
2688,4.794,1054,338,383,253,383,608,1360,2901.0,10.430538230119769,5.45870879144636
2689,6.075,1022,412,454,327,458,682,1328,2901.0,10.431538809354278,5.458708791446359
2690,11.32,3489,1037,355,1037,2329,3752,3270,2901.0,10.396509868777349,5.457898614316898
2691,15.756,3354,1159,476,1159,2194,3617,3353,2901.0,10.397510447177691,5.457898614316898
2692,11.025,3265,1142,500,1142,2106,3529,3303,2901.0,10.398511025578037,5.457898614316898
2693,7.68,3152,1028,505,1028,1992,3415,3190,2901.0,10.39951160397838,5.457898614316898
2694,5.342,3039,1022,617,1022,1879,3303,3105,2901.0,10.400512182378725,5.457898614316898
2695,5.462,2857,1204,800,1102,1697,3120,2922,2901.0,10.401512760779069,5.457898614316897
2696,7.333,2598,1199,952,1277,1438,2862,2664,2901.0,10.402513339179412,5.457898614316898
2697,8.006,2598,1199,952,1277,1438,2862,2664,2901.0,10.403513917579756,5.457898614316897
2698,4.186,2392,993,745,1070,1232,2655,2457,2901.0,10.4045144959801,5.457898614316898
2699,5.76,2114,715,402,861,1030,2242,2255,2901.0,10.406515652780788,5.457898614316898
2700,6.543,2063,670,348,816,1083,2188,2227,2901.0,10.407516231181134,5.457898614316897
2701,7.428,1921,571,199,864,1159,2039,2080,2901.0,10.408516809581478,5.457898614316897
2702,4.615,1897,547,197,862,1158,2014,2056,2901.0,10.409517387981824,5.457898614316898
2703,5.55,1760,415,82,748,1076,1877,1919,2901.0,10.41051796638217,5.457898614316897
2704,6.614,1674,306,122,886,1214,1791,1833,2901.0,10.411518544782513,5.457898614316898
2705,7.697,1525,321,43,1017,1345,1642,1684,2901.0,10.412519123182856,5.457898614316897
2706,7.842,1475,372,0,1067,1395,1592,1634,2901.0,10.4135197015832,5.457898614316898
2707,9.055,1318,366,156,1224,1474,1435,1477,2901.0,10.414520279983545,5.457898614316898
2708,8.189,1160,181,245,1312,1317,1277,1319,2901.0,10.41552085838389,5.457898614316898
2709,8.028,1218,239,304,1370,1375,1335,1377,2901.0,10.416521436784235,5.457898614316897
2710,1.763,1150,191,0,1254,1157,1117,1276,2901.0,10.417522015184579,5.457898614316897
2711,5.183,899,415,99,899,801,762,1139,2901.0,10.419523171985267,5.457898614316897
2712,3.954,894,316,0,894,764,758,1147,2901.0,10.42052375038561,5.457898614316898
2713,2.763,787,209,107,787,657,650,1078,2901.0,10.421524328785953,5.457898614316898
2714,8.286,722,144,461,722,592,586,1014,2901.0,10.4225249071863,5.457898614316898
2715,8.917,820,0,0,714,0,683,1111,2901.0,10.423525485586644,5.457898614316898
2716,8.449,886,370,370,659,370,784,1181,2901.0,10.424526063986987,5.457898614316898
2717,9.866,861,345,345,615,345,758,1155,2901.0,10.425526642387329,5.457898614316898
2718,5.616,899,451,122,288,122,136,1193,2901.0,10.42752779918802,5.457898614316898
2719,7.365,876,419,89,258,89,136,1180,2901.0,10.428528377588364,5.457898614316897
2720,5.646,1011,6,242,314,174,548,1316,2901.0,10.42952895598871,5.457898614316898
2721,5.482,1185,134,84,488,0,584,1490,2901.0,10.430529534389052,5.457898614316898
2722,8.105,1134,150,0,437,84,669,1438,2901.0,10.431530112789398,5.457898614316898
2723,2.806,1252,32,118,555,167,729,1557,2901.0,10.432530691189744,5.457898614316898
2724,15.148,3354,1159,476,1159,2194,3617,3353,2901.0,10.397501780281154,5.457088437606661
2725,7.075,3148,1136,731,1136,1989,3412,3214,2901.0,10.400503512980078,5.457088437606661
2726,7.741,2857,1204,800,1102,1697,3120,2922,2901.0,10.401504090546384,5.457088437606661
2727,6.754,2598,1199,952,1277,1438,2862,2664,2901.0,10.402504668112691,5.457088437606661
2728,6.987,2706,1308,1047,1385,1547,2946,2772,2901.0,10.403505245678998,5.457088437606661
2729,7.652,2536,1138,877,1215,1377,2776,2602,2901.0,10.404505823245305,5.457088437606662
2730,3.85,2536,1138,877,1215,1377,2776,2602,2901.0,10.40550640081161,5.45708843760666
2731,7.582,2114,715,402,861,1030,2242,2255,2901.0,10.406506978377921,5.45708843760666
2732,8.97,2109,716,305,862,1138,2226,2268,2901.0,10.407507555944226,5.457088437606662
2733,5.586,2049,699,185,987,1265,2166,2208,2901.0,10.408508133510532,5.457088437606661
2734,7.768,1883,504,255,1096,1424,2000,2042,2901.0,10.40950871107684,5.45708843760666
2735,9.133,1683,303,119,895,1223,1800,1842,2901.0,10.41050928864315,5.457088437606661
2736,5.941,1615,231,47,931,1259,1732,1774,2901.0,10.411509866209455,5.45708843760666
2737,5.488,1575,158,25,1005,1333,1692,1734,2901.0,10.412510443775762,5.45708843760666
2738,6.878,1493,15,168,1148,1476,1610,1652,2901.0,10.413511021342071,5.457088437606661
2739,9.207,1359,182,210,1239,1515,1476,1518,2901.0,10.414511598908376,5.457088437606661
2740,10.955,1280,243,271,1326,1437,1397,1439,2901.0,10.415512176474683,5.45708843760666
2741,9.339,1311,284,381,1451,1467,1428,1470,2901.0,10.416512754040992,5.457088437606661
2742,4.848,1317,200,366,1393,1347,1307,1475,2901.0,10.417513331607298,5.45708843760666
2743,7.353,1214,298,226,1214,1116,1077,1369,2901.0,10.418513909173607,5.45708843760666
2744,5.898,1126,389,317,1126,1028,989,1366,2901.0,10.419514486739914,5.457088437606662
2745,8.413,886,370,370,659,370,784,1181,2901.0,10.42451737457145,5.457088437606661
2746,6.278,1002,554,225,391,225,0,1296,2901.0,10.426518529704063,5.457088437606661
2747,8.598,1002,554,225,391,225,0,1296,2901.0,10.427519107270372,5.457088437606661
2748,7.408,1082,395,49,464,285,274,1386,2901.0,10.42851968483668,5.457088437606661
2749,5.237,1160,312,0,462,189,371,1464,2901.0,10.429520262402985,5.457088437606661
2750,5.168,1185,134,84,488,0,584,1490,2901.0,10.430520839969294,5.457088437606661
2751,7.711,1196,123,95,499,11,584,1501,2901.0,10.431521417535599,5.457088437606661
2752,7.326,1285,0,150,588,134,697,1589,2901.0,10.432521995101906,5.457088437606661
2753,1.523,1462,241,91,764,180,774,1766,2901.0,10.433522572668213,5.45708843760666
2754,2.094,1642,422,173,945,0,923,1947,2901.0,10.435523727800827,5.45708843760666
2755,3.304,3468,1345,821,1345,2309,3732,3507,2901.0,10.396492537959016,5.456278261315586
2756,5.928,3468,1345,821,1345,2309,3732,3507,2901.0,10.397493114691414,5.456278261315586
2757,5.586,3050,1257,853,1257,1890,3313,3115,2901.0,10.4004948448886,5.456278261315585
2758,6.847,3050,1257,853,1257,1890,3313,3115,2901.0,10.401495421620995,5.456278261315587
2759,7.034,2706,1308,1047,1385,1547,2946,2772,2901.0,10.403496575085786,5.456278261315585
2760,7.068,2639,1241,980,1318,1480,2879,2705,2901.0,10.404497151818182,5.456278261315586
2761,7.575,2513,1114,742,1261,1429,2641,2655,2901.0,10.405497728550579,5.456278261315585
2762,5.665,2371,972,600,1119,1287,2499,2513,2901.0,10.406498305282977,5.456278261315586
2763,6.48,2015,619,154,1093,1373,2132,2174,2901.0,10.408499458747764,5.456278261315586
2764,8.341,1906,518,232,1119,1441,2023,2065,2901.0,10.409500035480162,5.456278261315586
2765,8.318,2004,495,354,1217,1545,2121,2163,2901.0,10.410500612212559,5.456278261315586
2766,10.543,1602,93,168,1254,1582,1719,1761,2901.0,10.412501765677352,5.456278261315586
2767,3.696,1509,0,183,1163,1491,1626,1668,2901.0,10.413502342409746,5.456278261315585
2768,6.64,1394,118,142,1262,1550,1511,1553,2901.0,10.414502919142143,5.4562782613155845
2769,7.345,1427,282,310,1383,1583,1544,1586,2901.0,10.415503495874537,5.456278261315585
2770,3.967,1343,322,399,1472,1500,1460,1502,2901.0,10.416504072606932,5.456278261315586
2771,3.646,1352,172,437,1503,1508,1469,1511,2901.0,10.417504649339326,5.456278261315586
2772,2.381,1126,389,317,1126,1028,989,1366,2901.0,10.418505226071726,5.456278261315586
2773,8.003,1126,389,317,1126,1028,989,1366,2901.0,10.419505802804121,5.4562782613155845
2774,3.219,1026,448,345,1026,895,889,1317,2901.0,10.420506379536516,5.456278261315586
2775,4.103,1125,603,257,514,347,92,1420,2901.0,10.42650983993089,5.456278261315585
2776,6.829,1063,610,280,450,280,94,1358,2901.0,10.42751041666329,5.456278261315586
2777,7.634,1082,395,49,464,285,274,1386,2901.0,10.428510993395685,5.456278261315586
2778,4.997,1267,339,60,570,81,376,1572,2901.0,10.42951157012808,5.456278261315586
2779,7.082,1267,339,60,570,81,376,1572,2901.0,10.430512146860474,5.456278261315585
2780,8.551,1514,304,253,816,202,496,1818,2901.0,10.43151272359287,5.456278261315585
2781,7.379,1383,174,232,686,197,627,1687,2901.0,10.432513300325267,5.456278261315586
2782,4.812,1462,241,91,764,180,774,1766,2901.0,10.433513877057662,5.456278261315585
2783,5.271,1530,310,60,833,112,810,1834,2901.0,10.43451445379006,5.456278261315586
2784,9.483,1642,422,173,945,0,923,1947,2901.0,10.435515030522454,5.456278261315585
2785,12.511,3468,1345,821,1345,2309,3732,3507,2901.0,10.396483874509846,5.455468085443608
2786,3.047,3468,1345,821,1345,2309,3732,3507,2901.0,10.397484450408456,5.455468085443608
2787,8.539,3050,1257,853,1257,1890,3313,3115,2901.0,10.400486178104286,5.455468085443608
2788,2.945,3050,1257,853,1257,1890,3313,3115,2901.0,10.401486754002896,5.455468085443608
2789,2.827,2743,1345,1084,1422,1584,2983,2809,2901.0,10.40348790580012,5.455468085443608
2790,4.504,2715,1317,1056,1394,1556,2955,2781,2901.0,10.40448848169873,5.455468085443608
2791,6.788,2471,1072,699,1218,1387,2599,2612,2901.0,10.405489057597336,5.455468085443608
2792,6.595,2362,966,574,1112,1313,2484,2512,2901.0,10.406489633495948,5.455468085443608
2793,7.501,2125,676,30,1137,1413,2242,2284,2901.0,10.40849078529317,5.455468085443608
2794,7.351,2048,580,108,1157,1437,2165,2207,2901.0,10.40949136119178,5.455468085443608
2795,5.464,1950,441,300,1233,1550,2067,2109,2901.0,10.41049193709039,5.455468085443609
2796,4.259,1720,211,286,1136,1463,1837,1879,2901.0,10.411492512989,5.455468085443608
2797,10.934,1720,211,286,1136,1463,1837,1879,2901.0,10.412493088887611,5.455468085443608
2798,3.908,1537,0,0,1405,1693,1654,1696,2901.0,10.41349366478622,5.455468085443608
2799,9.132,1501,296,296,1457,1657,1618,1660,2901.0,10.414494240684832,5.455468085443608
2800,1.018,1501,296,296,1457,1657,1618,1660,2901.0,10.41549481658344,5.455468085443608
2801,4.002,1512,0,525,1512,1415,1375,1668,2901.0,10.41649539248205,5.455468085443608
2802,3.544,1284,547,476,1284,1187,1147,1525,2901.0,10.41749596838066,5.455468085443608
2803,5.774,1284,547,476,1284,1187,1147,1525,2901.0,10.418496544279272,5.4554680854436075
2804,8.535,1172,594,492,1172,1042,1035,1464,2901.0,10.419497120177883,5.455468085443609
2805,2.51,1082,504,402,1082,951,945,1373,2901.0,10.42049769607649,5.455468085443608
2806,7.811,1206,684,338,595,321,23,1501,2901.0,10.426501151468154,5.455468085443608
2807,7.951,1202,672,325,588,315,19,1501,2901.0,10.427501727366764,5.4554680854436075
2808,7.646,1269,510,164,580,130,164,1573,2901.0,10.428502303265375,5.455468085443608
2809,5.762,1349,421,142,651,0,294,1653,2901.0,10.429502879163984,5.455468085443608
2810,5.797,1349,421,142,651,0,294,1653,2901.0,10.430503455062595,5.455468085443608
2811,7.36,1496,341,262,798,165,460,1800,2901.0,10.431504030961205,5.455468085443609
2812,9.726,1438,228,177,741,252,572,1742,2901.0,10.432504606859816,5.455468085443608
2813,7.093,1553,333,0,856,173,750,1857,2901.0,10.433505182758424,5.455468085443608
2814,10.402,1553,333,0,856,173,750,1857,2901.0,10.434505758657036,5.455468085443608
2815,3.146,3283,1491,1086,1491,2124,3547,3349,2901.0,10.399476937562177,5.454657909990666
2816,1.522,2860,1461,1089,1548,1710,2988,2935,2901.0,10.402478662757026,5.454657909990667
2817,4.662,2860,1461,1089,1548,1710,2988,2935,2901.0,10.40347923782198,5.454657909990666
2818,4.104,2553,1154,782,1301,1469,2681,2695,2901.0,10.404479812886926,5.454657909990667
2819,5.081,2553,1154,782,1301,1469,2681,2695,2901.0,10.40548038795188,5.454657909990666
2820,7.161,2216,767,78,1246,1521,2333,2375,2901.0,10.40848211314673,5.454657909990666
2821,6.34,2217,767,78,1246,1522,2334,2376,2901.0,10.40948268821168,5.454657909990667
2822,1.781,1915,406,282,1293,1597,2032,2074,2901.0,10.41048326327663,5.454657909990666
2823,9.028,1808,299,373,1223,1551,1925,1967,2901.0,10.411483838341582,5.454657909990666
2824,6.777,1639,101,101,1365,1693,1756,1798,2901.0,10.413484988471485,5.454657909990666
2825,7.845,1537,0,0,1405,1693,1654,1696,2901.0,10.414485563536433,5.454657909990667
2826,7.576,1336,649,577,1336,1206,1200,1626,2901.0,10.417487288731282,5.454657909990666
2827,7.297,1324,637,565,1324,1193,1187,1614,2901.0,10.418487863796235,5.454657909990666
2828,7.431,1240,662,559,1240,1109,1103,1531,2901.0,10.419488438861185,5.454657909990667
2829,7.691,1354,775,673,1303,1014,1217,1645,2901.0,10.420489013926137,5.454657909990667
2830,2.368,1402,886,801,1175,886,1300,1697,2901.0,10.421489588991086,5.454657909990667
2831,4.32,1338,822,810,1111,822,1236,1633,2901.0,10.422490164056038,5.454657909990666
2832,3.932,1206,684,338,595,321,23,1501,2901.0,10.426492464315837,5.454657909990667
2833,7.89,1220,689,343,602,320,0,1521,2901.0,10.427493039380787,5.454657909990666
2834,7.417,1403,636,290,706,256,290,1707,2901.0,10.428493614445738,5.454657909990667
2835,5.84,1417,647,304,720,270,304,1721,2901.0,10.429494189510688,5.454657909990667
2836,4.368,1587,455,350,889,237,521,1891,2901.0,10.43049476457564,5.454657909990666
2837,6.889,1590,420,315,893,270,556,1895,2901.0,10.43149533964059,5.454657909990667
2838,9.071,1523,313,209,825,337,650,1827,2901.0,10.432495914705541,5.454657909990667
